0 248.000000 314.000000 33.575169 10.138444 43.233459 
2 -8.897247 -462.217585 0.048143 0.046680 2.450961 0.015255 -0.038860 -0.527281 -0.940060 
0 110.262107 145.459283 14.903108 4.588247 20.052832 
1 -307.088210 1.191299 -0.273038 -0.485742
0 69.706509 97.825863 9.397839 2.976670 13.510641 
2 -884.595152 -382.729143 3.256221 0.853138 1.568376 -1.042381 -0.846720 0.275046 -1.002229 
0 27.865299 62.479700 3.682408 1.403341 8.723812 
1 -671.668085 2.296890 -1.451014 0.017304
0 13.259853 30.591566 1.750143 0.673405 4.273570 
2 -15.898378 -369.564915 0.062238 0.058896 0.940958 0.048833 -0.066017 0.039409 -0.649034 
0 6.198784 14.694901 0.817212 0.317276 2.053811 
2 1012.074442 -859.455196 2.712546 -1.014771 2.245314 1.278048 0.628430 0.218942 -1.569483 
0 3.209129 6.360229 0.426355 0.155537 0.885922 
2 -274.162979 1417.903266 0.516776 -0.396601 3.122975 0.140490 -0.554643 1.531352 1.083537 
0 2.564020 4.120218 0.343729 0.115475 0.571130 
1 -135.452538 1.475640 0.815693 -0.860431
0 1.328982 1.925933 0.178936 0.057496 0.266230 
1 -802.887350 2.377191 -0.676538 -0.743063
0 0.430295 0.674096 0.057747 0.019193 0.093379 
1 -702.398991 2.168635 -0.082664 -1.049374
0 0.066459 0.038893 0.009226 0.001792 0.005200 
1 491.555543 1.772659 1.132154 -0.112359
0 -0.029686 -0.006439 0.004181 0.000382 0.000827 
1 -437.369878 1.083907 -0.214479 -0.528431
0 0.068584 0.139603 0.009101 0.003353 0.019456 
1 1469.443875 4.723940 0.819392 1.695878
0 0.060829 0.112223 0.008107 0.002879 0.015607 
1 -47.502265 1.913767 -1.442641 1.057589
0 0.248191 -0.090703 0.034766 -0.004826 0.011885 
1 -207.303047 1.902746 -1.136268 0.568109
0 0.086127 -0.038208 0.012027 -0.001927 0.005048 
1 705.562611 2.676219 1.863834 -0.342795
0 0.183312 0.026234 0.025872 0.001647 0.003324 
2 378.106446 -150.733345 1.674487 -0.149243 0.323864 -0.684802 1.146016 -0.101418 -0.160640 
0 0.153119 0.208288 0.020670 0.006455 0.028741 
1 -529.185056 1.315378 0.033067 -0.866974
0 0.033482 -0.016956 0.004663 -0.000821 0.002253 
1 -385.096434 1.237712 -0.851702 0.058724
0 0.047871 0.004196 0.006764 0.000276 0.000526 
2 536.234891 -19.844276 1.332955 -0.318771 0.433377 1.189281 -0.087544 -0.488276 0.354454 
0 -0.073520 -0.082270 0.010001 0.002842 0.011282 
1 -1458.948521 3.716498 -1.582120 -1.076755
0 -0.002789 -0.005827 0.000370 0.000137 0.000813 
2 -1465.723368 1053.576873 2.662303 -1.450344 1.871253 -0.742195 -1.745285 1.321644 0.631668 
0 -0.038311 -0.032599 0.005262 0.001289 0.004426 
1 -348.053980 0.948507 -0.522167 -0.141869
0 -0.015798 -0.013889 0.002168 0.000541 0.001888 
1 330.908929 0.861092 -0.127007 0.627300
0 -0.007168 -0.003092 0.001001 0.000157 0.000408 
2 359.925826 22.334322 1.187786 -0.138272 0.269212 0.830876 -0.083637 -0.238213 0.223646 
0 -0.015298 -0.028053 0.002039 0.000722 0.003901 
2 -593.079430 431.611480 1.793793 -1.355444 1.288398 -1.344964 0.111215 1.168202 -0.229744 
0 0.073783 -0.003374 0.010432 -0.000229 0.000418 
2 302.643114 -1384.474572 0.252868 -0.736143 3.365285 0.342397 0.214027 -1.289103 -1.196492 
0 0.150306 0.011209 0.021243 0.000744 0.001400 
1 713.829297 2.240268 -0.110241 1.225612
0 0.082204 0.027915 0.011527 0.001512 0.003647 
1 980.633423 2.508529 1.502594 0.383156
0 0.133099 0.073169 0.018505 0.003446 0.009757 
1 1217.005930 3.970320 1.120335 1.061475
0 0.099595 0.072423 0.013747 0.003067 0.009772 
1 592.943341 1.417879 -0.135619 1.053258
0 0.060174 0.078112 0.008138 0.002487 0.010763 
1 213.452765 0.689751 -0.139838 0.451611
0 0.033503 0.083369 0.004408 0.001738 0.011661 
1 303.606427 2.595067 -1.318521 1.523992
0 0.020967 0.035594 0.002804 0.000964 0.004941 
2 -1822.234091 -267.992916 5.733702 0.592115 0.709141 -0.239526 -2.710345 -0.382713 -0.124012 
0 0.001031 0.010951 0.000129 0.000067 0.001547 
2 -846.657876 479.516880 2.403064 -0.998328 0.783245 -1.419934 -0.223318 0.569003 0.312850 
0 -0.029854 0.006205 0.004206 -0.000370 0.000796 
1 -1054.865738 3.062595 0.068582 -1.726634
0 -0.032658 -0.046401 0.004401 0.001402 0.006411 
2 260.353301 958.671080 0.325817 0.678642 2.843171 0.191715 0.264592 1.098578 0.664676 
0 0.019692 0.002514 0.002780 0.000160 0.000318 
1 229.396185 0.624603 0.441861 0.016064
0 0.000086 -0.002881 0.000011 -0.000006 0.000407 
1 -1391.829915 3.245570 -2.104275 -0.555170
0 0.006234 0.002292 0.000873 0.000122 0.000300 
1 -695.898254 1.808293 -0.151736 -0.986353
0 -0.006722 -0.019664 0.000878 0.000364 0.002757 
1 54.542754 1.100111 0.762843 -0.517134
0 -0.025346 0.000138 0.003585 -0.000010 0.000017 
1 -243.797379 0.870321 -0.200372 -0.229305
0 -0.020329 -0.008452 0.002842 0.000434 0.001114 
2 -218.691122 1983.453265 0.222082 -0.445624 4.487227 -0.005710 -0.343382 1.496645 1.970765 
0 -0.048364 -0.006553 0.006827 0.000414 0.000829 
2 -350.756913 316.324130 0.686245 -0.564730 0.994756 0.114338 -0.648890 -0.439761 0.849836 
0 0.035884 0.008038 0.005053 0.000474 0.001033 
1 -1083.499387 3.821247 -1.576384 -0.483234
0 0.027621 0.010240 0.003868 0.000543 0.001343 
2 -126.802230 504.873853 0.806400 -0.676462 1.577289 0.613190 -0.682309 -0.560187 1.242140 
0 0.074078 -0.015210 0.010437 -0.000910 0.001949 
1 -69.524686 0.793889 0.555230 -0.549332
0 0.034606 -0.004980 0.004884 -0.000312 0.000631 
1 -481.823222 1.044927 -0.007124 -0.759675
0 0.002804 -0.038759 0.000350 -0.000186 0.005478 
1 -569.841137 2.827358 -1.586825 0.347637
0 -0.006854 -0.020978 0.000894 0.000375 0.002943 
1 313.351805 0.784443 0.282695 0.273681
0 -0.035495 -0.043090 0.004814 0.001424 0.005925 
1 551.440330 2.137054 -0.634397 1.383486
0 -0.019913 0.006768 0.002792 -0.000367 0.000884 
1 221.564425 0.599332 -0.033880 0.379984
0 -0.006701 0.013882 0.000889 -0.000329 0.001935 
2 223.043064 -854.329209 1.313949 -0.012181 2.596957 0.844143 -0.306625 0.261871 -1.571731 
0 0.052865 0.031700 0.007335 0.001447 0.004243 
2 -617.101689 -916.864819 0.849786 1.204552 1.940384 -1.057395 -0.146927 -1.727560 -0.094581 
0 0.015432 0.018696 0.002093 0.000619 0.002571 
1 572.237852 1.347936 0.431977 0.571846
0 0.022572 0.025976 0.003067 0.000884 0.003566 
2 -1047.888253 439.425946 3.134320 -1.287405 0.703656 -0.229972 -1.481290 0.013338 0.687005 
0 -0.013124 -0.001108 0.001855 0.000073 0.000139 
2 -527.720098 -1135.766385 2.011306 0.322876 2.806255 -1.471417 0.323683 0.114255 -1.907358 
0 -0.015811 0.044738 0.002069 -0.000848 0.006270 
2 461.445037 190.676191 1.245751 0.287238 1.094856 0.301026 0.493694 0.618430 -0.184876 
0 -0.019986 -0.010021 0.002784 0.000487 0.001331 
2 1270.910579 904.543478 3.153383 1.867367 1.916174 0.858610 1.346651 0.251266 1.242956 
0 -0.010782 -0.000107 0.001525 0.000007 0.000013 
2 -1158.007116 139.683080 3.026928 0.359409 2.245701 -1.505697 -0.656421 -1.437038 1.356954 
0 0.001583 0.004055 0.000208 0.000083 0.000567 
1 -51.770860 0.238580 0.129456 -0.184665
0 0.001166 0.001153 0.000159 0.000042 0.000157 
1 -485.057596 1.244178 0.144415 -0.888101
0 0.005213 0.017777 0.000677 0.000292 0.002497 
1 1645.340235 4.567061 0.689603 2.072404
0 -0.001759 0.002447 0.000237 -0.000075 0.000338 
1 -286.055397 2.886483 -1.863423 1.012758
0 0.011363 -0.000615 0.001606 -0.000041 0.000076 
2 -919.229742 575.749320 3.636131 -0.237267 2.461679 -1.639635 -0.170448 -0.495928 1.302504 
0 0.013158 -0.017750 0.001777 -0.000553 0.002449 
2 -519.955429 366.087249 1.296318 -0.872942 1.171765 -0.756100 -0.233624 0.829054 -0.069498 
0 0.024980 0.005685 0.003517 0.000334 0.000731 
2 -181.351274 -36.435180 1.326954 0.019585 0.083275 0.767514 -0.893611 -0.025242 -0.037906 
0 -0.001709 -0.021138 0.000214 0.000113 0.002987 
1 -1212.795422 4.846640 0.481950 -2.300169
0 -0.004971 -0.029108 0.000633 0.000305 0.004105 
1 -433.768313 1.285711 0.293689 -0.921042
0 -0.003832 -0.027946 0.000485 0.000242 0.003945 
1 -1796.263413 6.484935 -2.790262 -0.646680
0 -0.015136 -0.021409 0.002040 0.000648 0.002958 
2 -1227.804361 -1117.647864 3.229168 2.523194 4.055111 -0.012676 -1.942573 0.816770 -2.416373 
0 0.017989 -0.013391 0.002481 -0.000562 0.001809 
2 -108.893922 2348.962739 1.992581 -0.604349 5.287799 -1.369577 0.913471 2.521398 1.720847 
0 -0.050205 -0.050233 0.006858 0.001838 0.006862 
1 371.702056 1.187999 -0.535714 1.018555
0 -0.030996 0.007855 0.004360 -0.000453 0.001014 
1 -200.319499 1.999736 1.002247 -1.105758
0 -0.003460 -0.009259 0.000454 0.000183 0.001297 
1 1596.051614 4.806546 2.526588 0.542958
0 -0.007943 -0.008074 0.001084 0.000293 0.001104 
2 774.524959 958.702746 1.570991 1.039219 2.015492 0.102642 1.153094 0.884307 0.828170 
0 -0.009199 0.001092 0.001299 -0.000070 0.000138 
1 549.123294 1.423046 0.580261 0.418605
0 0.011022 0.013537 0.001494 0.000445 0.001862 
1 1063.545619 2.847347 -0.036031 1.723732
0 0.007760 0.012293 0.001041 0.000348 0.001703 
2 467.595487 172.481181 1.302794 0.724709 1.177250 -0.519201 1.157494 -0.891516 0.981551 
0 -0.005192 0.021700 0.000669 -0.000303 0.003054 
2 -192.745121 454.033956 0.931766 -0.051006 1.588006 0.344083 -0.579148 0.741042 0.136390 
0 -0.010781 0.010930 0.001472 -0.000397 0.001494 
2 1495.795119 460.263807 3.985516 0.949673 0.764032 -0.053852 2.415444 0.351445 0.451972 
0 -0.029022 -0.011366 0.004061 0.000594 0.001494 
2 -966.105918 665.638665 1.514023 -0.987794 0.846401 -0.952061 -0.785204 0.815272 0.415183 
0 -0.019767 -0.013651 0.002732 0.000590 0.001838 
2 834.909232 -113.478974 2.518368 -0.041896 0.450213 -0.927379 2.063748 -0.332787 0.081785 
0 -0.002914 0.000615 0.000411 -0.000037 0.000079 
2 854.781261 -268.502449 2.545299 -0.103656 2.459248 0.260143 1.156343 -1.311584 0.606874 
0 0.003243 0.001751 0.000451 0.000083 0.000233 
1 -41.882219 1.361662 0.805208 -0.704083
0 -0.004217 0.004531 0.000575 -0.000160 0.000620 
2 -317.032848 39.847759 1.106221 0.156370 0.598672 0.118279 -0.597698 0.333395 -0.200575 
0 -0.013202 -0.003268 0.001857 0.000189 0.000422 
2 -361.841969 -1498.399414 0.654631 0.396790 2.963955 0.158254 -0.703695 -1.842735 -0.934853 
0 -0.007397 0.033391 0.000950 -0.000437 0.004702 
1 -2594.303976 7.341082 -1.665894 -2.814093
0 -0.004702 0.015522 0.000611 -0.000261 0.002180 
2 -34.122950 306.741720 0.655870 0.294871 0.873227 -0.700191 0.500385 -0.524456 0.904375 
0 -0.022278 0.018486 0.003063 -0.000739 0.002508 
1 -843.520398 2.226118 -0.518097 -0.930874
0 -0.018882 -0.000010 0.002670 0.000001 0.000001 
2 -711.705126 871.993290 2.571451 -0.744712 2.231160 -1.418716 -0.012330 0.391200 1.079845 
0 -0.010275 0.001114 0.001451 -0.000072 0.000140 
1 605.396201 1.711768 0.460870 0.601298
0 -0.000970 0.004965 0.000124 -0.000058 0.000700 
1 1436.847375 2.704845 1.707480 0.939552
0 0.000091 0.002916 0.000011 0.000006 0.000412 
1 -273.068076 1.487041 -0.834324 0.224828
0 -0.002943 0.000959 0.000413 -0.000052 0.000125 
1 -278.544925 1.210308 -0.859057 0.235160
0 -0.002838 0.000258 0.000401 -0.000017 0.000032 
1 402.704021 1.729469 1.308525 -0.397779
0 -0.027720 -0.003331 0.003914 0.000213 0.000420 
2 -716.995864 -1955.456899 1.698314 2.002697 5.673280 -1.324571 -0.094026 -1.720633 -1.752322 
0 -0.018355 -0.001262 0.002594 0.000084 0.000157 
1 -114.973700 1.440051 -1.040423 0.640923
0 -0.019239 0.001896 0.002718 -0.000123 0.000238 
1 725.655943 3.698473 1.754956 -0.222815
0 0.001806 0.004559 0.000237 0.000094 0.000638 
2 1199.325886 -64.010016 3.638807 -0.151579 0.079825 -0.239706 2.091508 -0.033968 -0.074956 
0 0.011576 -0.009290 0.001593 -0.000377 0.001259 
2 323.425250 -827.381261 0.448337 -0.726225 2.108132 0.145317 0.401113 -0.711752 -0.756731 
0 0.000765 0.006894 0.000096 0.000049 0.000974 
1 -159.129815 1.614487 -1.069483 0.590427
0 0.003554 0.002937 0.000489 0.000118 0.000398 
1 84.111797 0.790157 0.567116 -0.314445
0 -0.001936 0.002078 0.000264 -0.000073 0.000285 
2 135.262519 -667.439621 0.383211 -0.860888 3.192634 -0.609420 0.697971 1.884156 -2.554152 
0 -0.019961 -0.003620 0.002814 0.000221 0.000462 
2 994.358044 1360.206187 1.527632 1.987976 2.802246 0.541407 1.158626 0.833668 1.511519 
0 -0.000422 0.002993 0.000053 -0.000027 0.000422 
2 -1147.806121 164.772275 3.239457 -0.377985 0.371997 -0.085034 -1.761882 0.249142 0.065264 
0 -0.007787 0.007001 0.001068 -0.000270 0.000953 
1 -1164.361532 2.637094 -1.516095 -0.663052
0 0.014246 0.017033 0.001933 0.000568 0.002341 
2 -492.579199 448.350573 1.312964 -0.283944 1.591528 0.147540 -0.899194 1.057426 -0.127641 
0 -0.019438 0.001157 0.002748 -0.000078 0.000144 
1 469.995065 2.477352 -1.015884 1.553359
0 -0.011162 0.005635 0.001555 -0.000273 0.000749 
1 473.142366 3.732638 1.804326 -0.675226
0 -0.009635 0.002493 0.001355 -0.000143 0.000322 
1 120.905583 0.330215 -0.056201 0.237118
0 -0.003832 0.005499 0.000516 -0.000165 0.000760 
2 -1439.529989 112.799859 3.563873 -0.532607 1.528491 -1.594620 -1.034229 1.094667 -0.685633 
0 -0.001298 0.007580 0.000165 -0.000080 0.001069 
1 107.160557 1.026039 -0.516828 0.576732
0 0.004767 -0.003538 0.000658 -0.000149 0.000478 
1 525.839854 1.246006 0.229738 0.654528
0 -0.002326 -0.008618 0.000301 0.000133 0.001212 
2 90.109549 -173.601783 2.849011 0.477560 0.721645 -1.507995 1.331682 -0.437999 0.069916 
0 -0.003603 -0.013306 0.000466 0.000205 0.001870 
1 467.609288 1.389470 0.311925 0.495627
0 -0.009174 -0.015441 0.001227 0.000420 0.002143 
1 134.071676 0.710326 0.705850 -0.344126
0 -0.006002 -0.007639 0.000812 0.000246 0.001052 
1 -496.619733 1.718134 0.134125 -0.897475
0 -0.002305 -0.001627 0.000318 0.000070 0.000219 
2 -750.788713 115.558485 2.916382 0.505350 1.111508 -1.866955 0.272493 -0.727397 0.757981 
0 0.012022 0.008893 0.001659 0.000374 0.001201 
2 -364.774336 -770.273906 1.354911 0.918781 2.415452 -0.735211 0.002037 -0.597145 -0.751445 
0 -0.000008 0.000044 0.000001 -0.000000 0.000006 
1 1518.904156 4.673666 2.375580 0.534091
0 -0.009769 -0.005987 0.001355 0.000271 0.000802 
1 677.569879 1.840057 0.820867 0.436558
0 0.012558 0.010943 0.001724 0.000428 0.001487 
1 -1161.048440 2.498450 -0.152244 -1.725316
0 0.001646 -0.003733 0.000217 -0.000083 0.000521 
1 490.214429 1.908289 -0.653600 1.294089
0 0.001435 -0.009153 0.000182 -0.000089 0.001291 
1 782.348125 2.494978 -0.393077 1.553007
0 -0.000714 -0.011398 0.000089 0.000048 0.001611 
1 -145.115694 0.462512 -0.199683 -0.072461
0 -0.009742 -0.012158 0.001320 0.000396 0.001673 
2 -660.396718 725.208917 1.416234 -0.965130 2.205296 -0.403622 -0.729181 1.452724 0.007350 
0 0.001348 -0.027190 0.000167 -0.000091 0.003844 
1 1421.193722 4.494704 1.498415 1.078380
0 -0.000397 -0.014536 0.000049 0.000027 0.002055 
1 -604.824135 1.341824 -0.821349 -0.318355
0 0.019523 0.006617 0.002738 0.000359 0.000864 
2 900.085946 1537.422322 1.678103 1.232284 3.372888 0.027062 1.413152 1.654564 1.141499 
0 0.006614 0.007855 0.000898 0.000263 0.001079 
2 941.350759 1053.060127 3.606347 1.766478 2.533523 2.442556 -0.431310 1.235647 0.694937 
0 0.001391 -0.013731 0.000175 -0.000090 0.001940 
2 -413.559624 -411.693329 0.895172 0.450539 0.729183 0.188983 -0.809564 -0.233736 -0.472888 
0 0.012424 0.006056 0.001732 0.000297 0.000803 
1 -19.910700 0.218146 0.169325 -0.165107
0 0.012148 -0.002584 0.001711 -0.000154 0.000332 
1 -406.055644 1.003038 -0.365960 -0.357898
0 0.007663 0.000289 0.001084 0.000020 0.000036 
1 126.078769 1.020015 -0.425775 0.539349
0 0.000157 0.007062 0.000019 0.000011 0.000999 
2 320.313959 128.263244 0.665659 0.316213 1.299242 0.444937 0.161754 0.961632 -0.553600 
0 0.023911 0.029695 0.003240 0.000969 0.004086 
2 -747.563100 284.508939 2.013854 -0.624924 0.464831 0.051134 -1.226446 0.167113 0.319629 
0 0.009216 0.004294 0.001286 0.000213 0.000569 
2 2.841708 -422.821793 1.070131 0.250695 1.011717 -0.754570 0.599396 -0.588855 -0.208831 
0 0.009069 0.000964 0.001281 0.000062 0.000121 
1 -883.827928 2.483114 -1.139125 -0.510758
0 0.010265 0.004747 0.001432 0.000236 0.000628 
2 55.729291 590.631881 1.371077 -0.082611 1.503969 0.906078 -0.629619 0.135383 0.831612 
0 -0.007546 -0.002267 0.001060 0.000126 0.000295 
1 824.916844 2.076265 0.265101 1.107254
0 0.000687 0.006162 0.000086 0.000044 0.000870 
1 -80.024946 0.729837 0.346561 -0.401236
0 0.000112 0.003419 0.000014 0.000008 0.000483 
1 -567.808906 1.592281 -0.593797 -0.435294
0 0.000374 0.001991 0.000048 0.000023 0.000281 
1 -939.781508 3.115115 -0.940003 -0.755681
0 0.001948 0.002612 0.000263 0.000082 0.000360 
2 -919.257500 -777.951503 2.453876 2.023716 2.343345 -1.590382 -0.210616 -1.752000 0.140681 
0 0.008379 -0.007501 0.001149 -0.000290 0.001020 
2 -1251.515473 1075.640659 2.089302 -1.702705 1.737071 -1.461758 -0.844326 1.499304 0.534002 
0 0.016281 0.006128 0.002280 0.000324 0.000804 
1 396.064221 1.252226 0.111735 0.542666
0 0.008552 0.003763 0.001194 0.000190 0.000497 
2 539.688571 291.136348 1.321100 0.012553 1.332212 0.754868 0.266473 -0.665659 0.989742 
0 0.016922 0.011833 0.002338 0.000509 0.001594 
1 -615.846403 1.810336 0.130321 -1.081992
0 0.007153 0.001977 0.001005 0.000112 0.000256 
1 654.690077 1.659502 0.726146 0.467432
