46.278663993 3.541114035 -1.287285687 2.200713553 -0.925470842 1.214451282 
47.891965640 -3.533805436 -4.275384398 3.954054632 0.987545698 0.290321907 
49.608331373 4.438063349 -2.062611782 1.766851595 -0.432261228 1.756963839 
51.400622398 2.231238040 0.276675100 1.013710401 -0.353619039 0.776973809 
52.815583597 0.400464931 -0.190594381 0.625133009 -0.221659607 1.069020940 
54.073525774 -0.228182483 0.621555065 1.545044542 -1.118830668 1.691517944 
55.736771881 2.218422483 -0.761114964 0.858495138 -0.247171241 0.763403448 
57.147634168 0.834161676 -0.195409924 0.241979154 -0.337196837 2.106672788 
58.915450553 -1.406894537 1.196204520 0.725163775 -0.342326248 1.564139372 
60.433267383 -2.573979556 1.201223046 0.521051723 -0.263386822 0.857852740 
61.873518613 -2.917139801 2.841117708 0.727590558 -0.312920149 1.443868857 
63.497380188 -3.353001941 3.811767702 0.585412426 -0.289564513 0.355665880 
64.621009818 -4.892188017 3.400293370 0.774239434 0.649478693 0.775034326 
65.854280710 -6.181433607 3.313990686 1.210543576 -0.164695663 0.917369296 
67.694843423 -4.434670563 2.246354415 0.651575627 -0.348484184 0.365194983 
68.736138337 -3.875389212 3.062223521 1.454698580 -0.643535979 0.341932355 
70.381438559 -5.271977322 5.646402502 1.312252647 0.061451091 0.424661494 
71.602631501 -8.010628107 7.220384098 2.018654990 -0.325421529 1.194237400 
72.895011160 -10.244175745 3.021128010 1.235554768 0.223768733 1.517104225 
74.408211576 -7.659922699 5.829018513 1.036210082 0.786378165 2.358360480 
75.655500475 -8.513710602 7.927297366 0.739419107 -0.023333306 0.936800687 
77.201686547 -8.197411648 8.669484824 0.993326887 0.532039160 0.319932285 
79.152020923 -13.071616477 6.479749490 1.185101854 0.005410853 0.171498060 
80.299917065 -11.700236021 6.344364181 0.089875849 0.253604844 3.505216878 
81.997882081 -11.402420199 3.454603085 0.051629657 -0.140823653 1.905588896 
83.215309616 -5.577636983 11.357925862 3.090461425 0.844473005 0.483801797 
84.500396831 -15.371258504 9.820668607 1.175336753 -0.767849765 1.712636518 
86.233546848 -14.945505600 10.873942388 0.386169037 -0.054402527 1.131505515 
87.948848154 -13.500750926 9.300365842 1.152869797 0.062565772 1.636783860 
89.167679219 -14.713210158 10.766015392 1.050830397 0.208013974 0.442762192 
90.794434258 -19.025018914 11.365717173 0.614661412 -0.259759353 0.615074455 
92.178108045 -19.892777979 13.999937265 0.459402576 -0.149135913 2.147805543 
93.276346183 -17.075281924 10.286859301 1.022348357 0.694346999 1.407149588 
94.485046143 -18.483769779 10.555760043 0.330436389 0.098685187 1.688931232 
96.142323214 -19.944310971 12.319190838 0.169405394 -0.331425790 1.327591719 
97.714578671 -18.393507724 15.446362969 1.024719826 1.036130549 1.721129441 
99.359875833 -21.667702364 13.052455015 1.711364710 -0.416009536 2.602132107 
101.227151121 -22.395381795 13.858420316 1.908804649 0.090109533 0.184532888 
102.270592860 -21.680332689 14.247540523 1.849918954 -0.058635174 0.595162898 
103.648611877 -24.543831571 13.703992592 1.405271664 0.133370785 0.595568546 
104.771115900 -26.258914811 11.982684922 0.917809812 0.633216267 0.651466622 
106.708644257 -24.673143809 15.361323409 2.178004145 0.455859245 1.307715962 
108.278322758 -26.044190925 17.203174446 1.254958503 -0.211854337 1.208924538 
109.822883885 -26.800280819 19.023083252 0.624308520 0.185726193 1.787217063 
111.507797177 -27.885284329 15.168068260 0.803026430 0.048328413 0.859334961 
113.305900658 -27.658030934 16.338732195 1.256729619 -0.056325623 0.344339016 
114.430429650 -29.908388225 16.966466100 1.166836728 0.400482861 0.579253834 
115.530300845 -30.763482069 14.641172794 0.778717276 0.315388766 2.475944458 
116.966122841 -31.410436770 18.640660054 1.256455581 -0.209888627 1.857838937 
118.647995669 -30.266748342 16.067729579 0.398884597 0.139133755 1.165673521 
120.256927589 -31.793773789 17.329450686 1.255403494 0.317789448 1.344762305 
121.617557324 -32.375541322 19.962676606 3.182574991 0.577969066 0.918502813 
123.313100690 -33.219026185 19.471431687 1.867576344 -0.578943827 1.151486425 
125.095514689 -32.323264844 18.395451639 1.442154942 0.467916714 2.235100715 
126.722716632 -34.154258735 21.678039599 0.785516096 0.260352761 0.544412211 
128.041622228 -35.186555222 21.427366530 1.581071640 0.444600034 1.556464633 
129.778036356 -37.154142256 19.585514119 1.055310912 -0.062835289 0.695184265 
131.250188704 -34.741613166 22.636341140 0.890990572 0.730683706 1.265869121 
132.458841428 -36.405118467 21.545752114 0.371239731 -0.551993173 1.672357235 
133.544069445 -38.681845110 23.042349248 1.159357247 0.470824593 0.425103267 
135.383735248 -39.169829883 21.985922875 1.191758322 -0.579877739 0.373341614 
137.320081067 -41.510398121 25.068040383 0.822563451 -0.795688408 1.609385383 
138.395317949 -40.123516860 23.365146514 0.487006324 -0.237872344 2.003770527 
139.834179411 -41.336943414 25.109868198 0.278308373 0.305579504 0.440478163 
141.176161825 -43.687072391 25.825917093 0.545958778 -0.715497864 1.323760597 
142.503875076 -45.345140079 22.486995091 2.247756557 0.407283732 0.661540260 
143.667113647 -43.767997150 23.692685610 2.765335740 -0.139787817 0.541347575 
145.557880557 -43.425218021 24.019692600 0.251601984 -0.172458924 2.003560379 
146.742343153 -44.370182770 26.465421256 1.330109557 0.176360136 0.710795178 
148.200179756 -46.237850927 25.937194976 0.870853451 -0.464165445 0.874158660 
150.177258336 -44.136782212 27.387627777 1.385973758 0.073791673 1.740484035 
151.870448159 -44.749424014 29.154032746 1.773089981 0.250168154 0.969384157 
153.832584889 -46.107562792 31.456518197 1.038353033 0.362862761 1.789182508 
155.180766918 -50.120578349 27.858773773 2.444414821 -0.991996311 1.006753973 
156.711901708 -49.523766653 28.733331099 0.417296145 -0.361039068 0.704515806 
157.725661314 -49.635794331 29.536937149 0.237365768 -0.279615395 0.613706912 
159.376492164 -53.315647036 30.060617614 1.855571063 0.119416927 0.022725906 
160.780129700 -54.136903554 30.030413353 0.759976473 0.033903941 1.006057527 
162.033428296 -53.843860507 29.287072982 1.571397345 -0.268772732 0.461989365 
163.807442465 -51.002593699 31.855096438 1.326982399 0.384882584 2.073840956 
165.140146410 -54.311605882 31.811644838 0.745543310 0.404252553 0.278155924 
166.759794943 -53.896398498 30.850027949 2.011850583 -0.596207337 0.771829773 
168.518475083 -55.248567267 31.410382934 0.056161531 -0.076795680 0.521427494 
170.179271944 -55.470700458 33.428799981 0.061411621 0.189864371 0.923042734 
171.845881652 -56.981293562 33.856188421 0.877754489 -0.302732065 0.527370080 
173.579573345 -60.252023090 34.887938850 2.691848645 0.666918893 1.279129420 
175.365969035 -58.061949710 31.310736581 0.819085555 -0.208859130 1.331486869 
176.469862136 -58.609786572 33.979501830 1.068024223 -0.475026379 1.423339060 
178.410465828 -61.597360551 35.548338472 0.130466591 -0.104696621 1.415706336 
180.011118510 -62.873567225 33.745199331 1.100152946 0.091811244 0.637701574 
181.191651325 -61.747189993 33.486271707 0.749298374 0.333498979 0.644707816 
182.199217595 -61.241817008 35.120675982 0.252702446 -0.400880862 1.561293213 
183.905160930 -63.768730852 37.708458484 0.929076759 -0.228877745 0.274419286 
185.254474500 -64.815043397 36.354213467 0.049396079 -0.203216648 1.379032095 
186.827788799 -65.595469332 35.814401670 1.287925962 0.285404755 0.307059527 
188.607241025 -63.873532442 37.157159254 0.988886126 -0.904497249 1.132696804 
189.838705872 -64.562679171 41.881889254 1.924488526 0.734147826 2.555793645 
191.416344183 -69.907648376 38.381589813 1.284397761 0.151618053 0.030378740 
192.882263091 -67.453761505 38.925503866 0.926609726 0.577881287 0.834486895 
194.043747878 -69.121068850 39.017090388 1.623684181 -0.393524530 0.465739681 
195.779736398 -68.500758390 43.718770004 1.130602352 0.188871120 1.787055958 
197.575087651 -70.315308257 40.448569493 1.201261568 -0.271460680 0.603611661 
198.797292276 -72.209633187 38.792800673 0.912257139 -0.253463843 1.528548699 
199.839181817 -69.960025844 40.626974201 1.075275729 0.551638577 0.846493272 
200.902682003 -71.664164660 41.169384261 1.314157382 0.270018032 0.950796182 
202.110106772 -72.212448130 41.559977831 0.400755199 0.357164434 0.698161230 
203.600707979 -74.733557619 43.001189750 2.921310516 0.177935179 0.842446576 
204.871483530 -75.511886407 41.247600853 1.277003255 0.593753828 0.409208260 
205.890029519 -72.308612448 42.897498475 1.478318831 1.163195416 1.217613644 
207.072770836 -74.179076891 42.133817787 0.637053379 0.340019807 1.455574069 
208.409096789 -74.447941833 43.215361785 0.456413776 -0.179166967 1.089120262 
210.366091588 -76.986061355 41.861962470 1.388314965 -0.275891237 1.572440433 
211.579118214 -74.365227658 43.898325953 2.095835855 0.141556873 0.835271986 
212.626230431 -76.860074402 43.452401865 0.712343021 0.121868093 1.601481297 
213.792905301 -78.074921969 45.232969683 0.834951952 -0.460483691 0.736121972 
215.592602729 -78.959394079 45.242709999 2.905107047 -0.194016791 2.703058318 
216.835760384 -79.626899965 45.958740783 1.287412572 0.166817457 0.575196665 
218.833773651 -77.915480833 45.110676826 1.752389381 0.472448158 1.075037754 
220.315852914 -80.102049870 45.164587267 0.543402987 0.058153897 1.204278218 
222.107933844 -84.718937523 48.181186462 1.218604053 -0.488219108 0.953316294 
223.873147717 -84.060936658 47.136360399 2.329703839 -0.985726578 1.844612610 
224.903669746 -82.717444174 45.800058969 1.322857871 0.091429010 0.535764717 
226.725352514 -84.149669747 48.560759717 0.365283240 0.175796192 0.437815612 
228.540795564 -86.837084882 49.970262392 1.909431153 -0.448362878 1.154155826 
229.560425808 -86.208926647 48.976689719 1.007986849 -0.467377648 0.889676559 
230.817659023 -84.230806757 49.180687174 2.474882716 0.617574696 1.105155280 
231.882355226 -85.246059626 50.349597422 1.503031829 0.751511132 0.947889670 
233.774691215 -88.327743794 49.677310464 0.590345066 0.546934912 1.305545053 
234.865138101 -90.521308156 52.219068430 1.548078053 -0.539008120 0.759529230 
235.981099112 -87.511195454 50.023383382 3.088542199 0.310495281 1.066034784 
237.930430048 -89.192243374 50.681844524 0.521862148 0.195697032 1.114224851 
239.307250594 -90.218162540 53.473819563 0.653158019 0.139689147 1.965179634 
240.936651476 -93.114241255 53.880187528 0.896526449 -0.666677109 0.584341195 
242.199507482 -93.504206268 51.979830549 0.900999317 0.846455402 1.626229462 
243.837992153 -92.698714701 53.411301953 0.720746159 -0.221982138 1.516548380 
245.791439385 -94.952640410 55.828365303 1.039507564 -0.457824562 1.366035434 
247.694328124 -96.253058060 54.112829558 1.059939330 1.082285125 1.106001378 
248.891981689 -95.428958342 54.480857815 1.213665065 -0.140084849 0.833329239 
250.321390888 -98.087715104 54.025412592 2.220640784 -0.022351546 0.779598986 
251.529871699 -96.131925366 52.874772024 1.264487132 0.381886697 1.517909881 
253.242927387 -97.485021371 58.108667346 0.602966152 0.030357289 2.891622821 
254.594584896 -99.322578911 53.528668752 0.729609416 0.342093367 0.893229899 
256.020159246 -98.813081302 55.264474744 1.079564859 -0.060538527 0.995381103 
257.085470179 -100.471834542 56.648882153 2.135487680 -0.224503426 0.144640831 
258.104451712 -98.899945195 58.170820755 0.136415385 0.264207351 1.442434722 
259.857436577 -101.518545910 57.558836485 0.297701092 0.286061527 1.186729271 
261.627427111 -105.292064040 58.259097143 1.621878497 0.005569476 1.388087423 
263.473432084 -102.111108475 59.532930683 1.530248602 0.125571125 0.720313242 
264.968553771 -102.859096958 58.204525491 0.432828295 -0.203892097 2.145678544 
266.264046380 -103.858077535 60.583386884 1.260989098 0.402906682 0.525027085 
267.574386008 -106.288759495 57.610340507 0.720477561 0.241739168 0.991065753 
268.923262762 -105.571638961 61.219486354 0.036579993 -0.135167143 0.596452460 
270.113446920 -109.260761467 57.920701580 1.711622396 0.329729220 0.863592723 
271.443681416 -106.801814256 62.332212781 0.771993012 -0.827321547 2.218279491 
273.050659074 -109.064095838 62.734134344 1.017502835 -0.692516310 0.898314036 
275.040954022 -109.181604280 59.758738991 0.563898871 0.214011096 1.174890626 
276.929265669 -110.605167897 59.786032981 0.749066566 1.029396146 1.472746306 
278.911022776 -110.944166069 63.556030082 2.429007881 -0.442125068 0.586088253 
280.067213440 -112.049771240 62.567529002 1.187327470 0.226630594 0.446318867 
281.127713217 -109.049118489 63.677584954 1.720796862 0.875312547 0.695273122 
282.137998268 -111.613982887 63.197552105 1.366561752 0.460523929 1.431412497 
283.228075576 -112.759688514 66.935313983 0.359093940 -0.512191836 1.192227724 
285.206754918 -111.162274465 67.668351851 1.671587667 1.157113560 0.956911932 
287.192146734 -116.565408589 65.360159010 2.956526668 -0.105433616 1.770259388 
288.299115830 -116.185506124 66.891322538 1.074242348 -1.139359468 1.301337166 
290.119450114 -116.020012552 66.204554228 1.710369908 0.721667343 1.756458860 
291.644883853 -118.563489224 67.143436531 1.244334942 -0.241838886 1.959293628 
292.664598676 -118.850533307 66.760108144 1.035785995 -1.158582289 1.817977152 
293.865077330 -115.264773966 65.661713625 2.065973381 -0.359107341 0.151518993 
295.138400756 -116.971430334 68.443118239 0.232001605 0.442675828 1.313051601 
296.500198784 -118.004562473 69.039008553 1.501278422 0.626718831 1.357257379 
298.038573925 -120.821338772 67.733550341 2.327320227 0.751169535 0.988950487 
299.859106817 -120.412083020 68.022403043 0.744004045 0.277356417 0.921331391 
301.691393728 -117.606485558 69.538964226 1.739326121 -0.191479107 0.456961743 
303.015047081 -122.200801146 70.926151052 0.018154637 -0.117449272 0.954302000 
304.108609199 -125.320019722 70.982242164 0.976169709 -0.058609025 1.349437647 
305.919584157 -124.287120193 69.657820578 0.657621743 -0.217187805 1.013089811 
307.652102828 -123.985837174 70.267488895 0.510230631 0.583293712 0.866366871 
309.556286229 -126.532241954 72.370047729 1.160417634 -0.204594400 0.669355414 
311.175150760 -127.927997515 74.252968954 1.097577400 -0.132180155 1.217872027 
312.222865366 -121.641726987 68.082703798 2.573622355 -1.228315991 0.847585527 
313.691717322 -125.981864545 73.079406992 1.107307266 1.102276293 1.290274655 
315.271384463 -129.202077841 74.519375602 0.876142424 -0.302331180 0.224362079 
316.342552005 -128.445316030 74.632340345 0.664934389 0.135128039 0.576203040 
318.224077704 -134.741193826 75.051897523 2.089783840 -0.946536414 0.576671967 
319.604385690 -128.416531537 73.690283179 1.313301334 -0.131762100 0.270051493 
321.216969270 -130.822386320 75.879265997 0.873281297 0.215546885 0.771029024 
322.982609759 -133.345029578 76.292259244 1.137057175 0.332659287 0.618761648 
324.666953527 -131.569458644 72.372237110 1.076629682 -0.273588054 1.285640874 
326.045757239 -132.243816695 76.703956564 1.773738226 0.304631253 1.089774638 
327.135584656 -133.521871514 77.278629546 0.095220647 -0.150778937 0.567245585 
329.098385698 -135.634993729 77.397144738 1.083197178 0.631547945 1.845822963 
330.766545263 -139.553502626 77.755808037 2.089561939 -0.575966058 1.144394437 
332.686406136 -136.518220101 76.251234631 1.093931912 0.319772625 0.662618244 
333.862474893 -137.600669592 80.124536812 1.245339615 0.116782670 1.074776237 
334.928437700 -138.600251702 78.717261834 0.225491280 0.043440882 1.381567856 
336.717741719 -137.455443524 78.353485511 1.195959066 -0.445541147 2.110647138 
338.055360421 -138.726014072 79.626700179 0.776063140 0.994427175 1.487030084 
339.805804027 -140.469914477 80.979025029 1.103645787 0.201474088 1.125168551 
341.202903765 -140.709540056 81.447893793 1.054028330 0.097383390 1.618477464 
342.602284687 -141.298877717 80.285155862 2.671900506 0.253051003 0.926346962 
344.403561364 -142.702444919 78.485203825 0.225298091 0.232374685 1.530661185 
346.197931208 -142.638280164 82.889609720 0.268802083 0.536988864 1.920218329 
347.239210340 -144.513096663 83.401952454 0.160586135 -0.174807055 1.319980401 
348.272829892 -146.060309311 79.768666698 0.968171779 0.113401923 1.037029809 
349.951357544 -146.479908455 83.043769856 0.433786927 -0.191555021 1.831576615 
351.923375438 -147.891284761 84.328646765 1.556606968 -0.592153583 0.500303918 
353.323106251 -145.815804087 85.016444585 1.414431274 -0.511111313 0.917456283 
354.331530704 -148.672026436 85.114158222 0.124118023 -0.245821142 0.858378387 
355.367175837 -149.269092471 82.963397853 0.064596006 0.151858445 1.981266201 
357.141858961 -149.762284589 84.707809079 0.772930003 0.028686732 1.107988233 
358.879623117 -149.240688844 85.920676992 0.122292944 0.140587234 0.694189122 
359.930312155 -150.560268619 88.025711085 0.996005383 -0.667684281 1.755381652 
361.094906211 -152.667865948 83.953681628 1.126379668 0.606300953 1.881069114 
362.700406503 -153.309104477 82.403762353 0.656084189 1.213527318 3.071899733 
363.860464554 -151.224453740 87.627712232 0.470068168 0.135014021 2.223384512 
365.002838523 -151.914760612 85.970446070 0.089132417 -0.172688675 1.321895405 
366.562680210 -154.681522419 87.890693507 0.655727200 0.075864514 1.315189192 
368.060165960 -156.441031476 87.556285582 1.699606418 -0.613350087 0.543638639 
369.336444582 -154.324972108 87.396853146 2.977883628 -0.131344797 0.263756720 
371.142538689 -154.642750455 91.229375235 0.487451767 0.163844590 1.173781169 
372.737586702 -158.605406112 89.544203668 1.808543973 0.743081451 0.534880170 
374.585140863 -159.962426768 90.032211607 0.724660207 -0.520085156 0.418600470 
376.364420408 -157.695141950 91.352493757 0.189036635 0.016409763 1.699261816 
377.946867219 -158.031749392 91.574990770 2.592416895 0.276635785 0.225035924 
379.093397419 -161.449705495 90.698029485 1.457774433 0.399885744 1.516141211 
380.302138724 -161.050553613 91.060565977 0.638444773 -0.329056181 0.700022962 
382.184684891 -160.813221612 91.493092310 0.377562708 0.379671133 0.910434396 
383.415446625 -161.124326534 89.002778928 0.935081635 0.105306844 1.475528191 
385.405862183 -164.386650349 93.592040051 0.689054396 -0.159190215 0.315419833 
386.934561994 -164.685672860 92.591542304 0.711483397 -0.154266909 0.055976549 
388.482352031 -165.074565496 93.152010740 1.603563121 0.179620075 0.273796480 
390.089955335 -164.628704306 94.403679037 0.446462987 -0.592482919 0.927576678 
391.704776032 -168.200532109 97.881908885 2.265855439 -0.444772530 1.727818099 
393.637206470 -166.083558438 89.929184738 1.152429680 -0.763231211 1.960251550 
395.482598407 -166.731550745 95.213211360 0.369232281 0.017543645 0.500301599 
396.608870438 -166.896023755 95.901542499 1.304902905 0.115618240 1.041668147 
398.204603380 -169.576096755 97.236548211 1.791825081 -0.313060760 0.625293528 
400.003869751 -171.175213356 97.044084636 1.141497419 -0.568573066 1.086686276 
401.375898853 -168.405975864 99.006982037 1.501734474 -0.025139875 1.538211752 
402.842416828 -171.267507270 97.569390473 2.281875371 -0.037703773 0.891617580 
404.712764713 -173.640433203 96.848697808 0.252581238 0.119368900 2.496320174 
405.832489613 -173.109592642 95.215254513 0.891690311 -0.185308723 1.824161186 
407.461734600 -175.593076631 98.762632211 1.924053630 -0.590774044 0.288324454 
408.757734274 -174.714633707 98.470192774 1.261101276 0.957505674 1.782407413 
410.658391770 -177.656620758 100.186271409 1.599985297 -0.636114095 0.926796724 
411.981260277 -177.697215129 99.524725056 0.219782435 -0.100430267 1.122211905 
413.121052792 -174.714040148 98.361621668 1.804154650 -0.457354426 1.236844813 
414.591405527 -175.838737586 100.063772370 0.601260603 -0.268581720 0.407919289 
416.069556413 -177.671623693 100.922689437 0.783071032 -0.659886302 1.503176508 
418.052489041 -181.091977494 102.975836680 1.047821322 -0.312221061 1.723858852 
419.651724540 -180.657552752 102.899761187 0.715154332 -0.763428075 2.009491602 
421.149651987 -179.550627651 102.552738695 1.292167748 -0.178052646 0.545556620 
422.425961021 -179.868678579 105.500427650 0.911426758 0.028134903 1.151361785 
423.699032871 -183.791891879 103.320640644 1.475347222 0.353580341 0.557643727 
425.239571909 -181.529532524 103.577819677 1.977919403 0.249511433 0.734557317 
426.888080104 -183.401923940 106.101991897 0.210502700 -0.323471847 1.623970897 
428.264563429 -187.006854591 105.789629886 2.291000371 -0.187896377 0.990991759 
429.408118279 -185.112285738 106.457146659 1.082369619 -0.363121309 0.817129743 
431.015425818 -185.372690999 104.732145680 1.369823930 -0.279665498 1.682778473 
432.648860700 -186.864127419 105.806567957 0.992207479 -0.055056299 1.736503009 
434.518225187 -186.927396142 106.596921094 0.277555478 -0.277295586 1.426623306 
435.965173887 -188.050278522 106.831531146 1.345543932 -0.820942647 1.258643975 
437.257031806 -191.384433738 104.638714912 1.262872264 1.150737228 1.870438849 
438.859294376 -189.616736242 106.546568699 0.620572508 0.394896520 0.313953354 
440.581818521 -190.609051264 108.848169998 1.575701771 0.052142775 0.024387248 
441.644547808 -191.900913901 109.028608259 0.672685435 0.460583483 0.423636304 
442.936368552 -192.872138645 109.609479956 0.840484688 0.787923572 1.593797479 
444.360017799 -193.058950696 108.374151275 0.683782067 -0.273595540 0.363501014 
445.580013762 -191.727249473 108.082736595 0.604888608 -0.851556401 2.324568657 
447.213014614 -193.754320958 112.608152480 0.605879901 -0.153315557 1.067050110 
449.154920014 -195.176376529 114.093929875 0.887439875 0.378882589 1.954666946 
450.350107843 -195.223360978 109.041654581 0.793924720 -0.281062248 0.914548125 
451.984968080 -194.449979761 112.066511715 0.496241721 0.239457312 0.906123942 
453.704971530 -200.054237873 111.111497878 1.658520231 0.418669177 1.059813739 
455.012040349 -200.402034320 111.512437616 1.013163615 0.446744742 0.489171378 
456.320453701 -198.771262048 111.743466289 0.816471491 -0.310814591 0.135795388 
457.421909788 -198.834793654 111.633681011 0.459901799 0.745245470 1.457341065 
459.331266199 -199.916015226 114.409661870 1.406090679 -0.673166459 0.357960793 
460.810062139 -200.597541000 115.332808731 1.060721892 0.332614225 2.515064544 
462.519668245 -204.553420236 113.547753200 1.584474610 -0.242694755 2.226610530 
464.342985416 -203.052459926 113.680456406 0.696322458 0.394637735 1.308169030 
466.319191408 -202.363753174 116.402809712 0.746161978 -0.283158891 0.581948330 
467.749845967 -204.675955567 116.837922446 1.152402706 0.109626096 1.061874879 
469.495409855 -205.263479079 115.303546906 0.666596896 0.714728371 1.962064314 
471.215825800 -209.989135108 115.680460419 2.069741206 0.203717974 0.403139383 
472.565159134 -205.702174829 118.348777080 0.453799966 0.079325803 0.715182747 
473.709167985 -209.177197129 119.934400352 1.173573209 -0.490198672 2.335883107 
474.727274371 -208.085355488 118.210725976 0.743760081 0.644506125 2.617030189 
476.443065162 -207.531125685 117.092022106 1.471241831 -0.565850718 0.468048037 
478.334512340 -208.931828201 119.499613270 2.244436781 0.142960661 0.574586607 
479.779719697 -213.090441602 119.910614289 2.172382323 -0.232449389 1.188770118 
481.107977671 -213.673437092 121.038936720 0.858077300 -0.605198833 1.184661812 
482.509043901 -214.629216293 118.172817719 1.781132816 -0.056906115 1.655473417 
484.071568347 -212.186050456 120.720620099 1.146676874 0.257399943 0.978577030 
485.320674433 -213.530136219 122.393471730 0.560700807 -0.231627443 0.758835576 
486.599565306 -214.181411378 121.375095362 0.632279673 -0.508281525 0.878643430 
488.531972563 -215.521807709 120.908712116 1.623856690 -0.419964143 0.222088972 
490.295095890 -213.901070959 122.396735595 1.175132674 -0.452483341 0.924585834 
491.685273094 -216.210071632 123.231060832 1.021309220 -0.277606998 2.776409021 
492.700472951 -216.552336715 123.659181294 1.473511258 -0.064722618 0.244710266 
494.030596405 -219.373621920 122.256588682 1.877117934 0.449952559 0.862923246 
495.068688336 -221.106855774 123.342369142 1.471302295 0.117090348 1.016308453 
496.810063535 -218.481052482 126.323529600 0.551647443 -0.136354176 2.433083072 
498.754206140 -219.702446960 125.522687621 0.770170031 0.060690993 1.489201597 
499.983337489 -222.234347394 124.965380690 1.590559555 -1.135405413 1.458435409 
501.249918151 -220.733602121 124.309185971 0.863497354 -0.134632012 2.012401716 
502.341231207 -219.786298730 125.047263387 1.094564178 -0.310627444 1.082788540 
504.091673720 -221.842341301 125.890989802 0.508024058 -0.249349171 1.092452633 
505.432848525 -223.047337483 126.148949110 1.510337350 -0.506949312 0.603424971 
506.704950914 -223.809861918 124.874047840 0.903279432 1.200626585 2.668030336 
507.795678563 -224.692879859 123.906144445 0.892991387 0.797450418 1.991856091 
509.461721945 -224.769207041 129.463029358 0.400773371 -0.638219729 1.198534942 
511.203650436 -226.816631777 128.188754318 1.077184748 0.460998173 0.369696639 
512.518028592 -226.919917782 128.050593299 1.769224740 0.377574878 0.980635659 
514.269952887 -228.340378564 128.126716461 2.056079834 -0.178950507 0.108314477 
515.877567165 -227.075050566 130.811344177 0.068208461 0.048893620 0.847597823 
517.587699865 -225.640008891 130.615840697 2.483863258 0.153673129 0.302790080 
518.664093362 -230.136827122 129.247730502 0.350469103 0.307196402 2.550979124 
520.181312435 -229.447534779 130.252061820 1.307897978 0.630258103 0.932650163 
521.480639251 -229.784002266 131.508384646 0.041401720 -0.180959014 1.163017967 
522.556179667 -231.037469556 131.292835620 1.004407477 0.221419630 0.458434555 
524.222491949 -232.194517707 132.135384996 1.772095490 -0.109631827 0.680565262 
526.097956237 -232.603942335 131.037241132 1.125025121 -0.352459160 1.339102848 
527.455670117 -234.316220495 130.879289603 0.634965682 0.415704925 0.385147243 
528.786698237 -233.994059181 132.808224634 0.620379274 -0.231585575 1.288096177 
529.962334630 -235.203208727 132.953204112 0.542263334 0.144972921 0.849202018 
531.860900608 -235.313300891 136.354964012 0.721552423 0.395166135 1.646698000 
533.112036618 -237.545540497 134.789357462 2.794901001 -0.669007062 1.397175322 
534.772473739 -236.470366456 135.330543429 1.548887574 0.702272124 0.980185272 
536.493858283 -234.349438158 134.589877503 2.430712040 -0.135041679 1.290279888 
537.497089225 -239.698153193 135.068384048 1.296205944 0.487540895 0.326685621 
538.672240295 -240.653228786 136.837871003 1.071466361 -0.484175973 1.535190485 
540.079211408 -238.581757565 134.591335259 0.758272368 -0.664633895 2.620985374 
541.849579697 -242.335949048 137.591485814 1.198268268 0.213723581 0.672454099 
543.431305669 -240.263004820 138.660594302 2.790055812 0.788714399 1.023279142 
545.152799672 -243.797359482 133.278473345 0.850771151 0.898637831 3.090685344 
547.055265554 -241.688823645 137.783042910 0.660385585 0.159197766 1.410591243 
548.489021232 -245.931483881 140.661146383 1.327433141 0.348079850 1.410445909 
549.876438991 -247.066328819 136.845469103 1.084490459 0.550739099 1.263799205 
551.344925385 -243.834731377 138.491721220 1.577027212 0.311090979 0.066278538 
552.857156391 -245.876303739 138.576287620 0.889568571 0.416009969 0.904947644 
553.884913065 -246.822858304 141.585612689 1.367838399 -0.671866348 0.899419962 
555.701980010 -247.256184955 140.079513863 1.651096479 -0.351778924 0.929088386 
557.621826739 -249.173974164 139.949660010 0.906358657 -0.063939205 0.463760670 
559.176251660 -248.863092233 140.903248659 0.897471701 0.631340442 0.555680671 
560.769181439 -250.568557723 143.000655368 1.694064560 0.630798971 0.584019797 
562.623976803 -251.190977435 143.360009101 2.132500072 -0.435031481 2.242123347 
564.304971044 -251.341225953 143.384334492 0.247850514 0.553213477 2.655099946 
566.035586967 -252.247822087 143.981896729 1.084931433 0.731027287 0.763259329 
567.225492732 -253.296800931 144.981929599 1.152908880 0.104844894 0.707028381 
568.931248636 -257.426969143 145.776572755 1.116654902 -0.605011324 0.798688909 
570.026456172 -256.050473347 142.340570560 0.848036906 0.567019117 0.532963983 
572.021838277 -252.409531784 146.984528465 1.641648372 1.188510330 1.367264439 
573.202796899 -259.262936825 149.403296545 1.754192061 -0.567270304 1.907895243 
575.142918333 -258.975963908 146.081906819 1.488612751 -0.796445723 0.494771773 
576.801061604 -258.141386908 144.844291314 1.016950672 0.368196870 1.179527621 
578.594501660 -258.742749814 147.188927011 2.940313991 1.662667183 2.043726345 
579.707459385 -259.316300040 148.572827498 0.959890547 0.045480397 1.082618475 
581.533940982 -262.821684088 145.916753693 1.003751777 0.988768963 1.084575192 
583.299763170 -260.186891297 147.841691870 1.364367300 0.610244186 0.576784951 
585.242127741 -261.557898993 149.500154189 0.388649660 0.127993791 0.111491668 
586.331809522 -260.451407119 149.399370973 1.702526166 -0.397086783 1.122270389 
587.467163412 -263.885328658 149.985888726 0.605964375 0.718350521 1.216741266 
588.798551272 -264.486802328 148.012276390 0.449077512 -0.122886296 1.118857703 
589.923233700 -262.643336783 151.112613852 1.181802143 0.638693353 2.185158939 
591.750376550 -267.854183490 151.822177830 1.443785807 -0.075541596 0.567331595 
592.781730220 -265.986802766 152.800621133 1.068607286 0.098400443 1.621627544 
593.895805333 -267.132032682 151.467127781 1.228116387 0.820699694 1.146465490 
594.905600763 -265.743165419 150.370462975 2.441532972 -0.366768067 0.188014903 
596.661821649 -265.791799200 151.765414474 0.947884943 -0.155174378 0.964651866 
598.393467009 -269.028398408 153.360794646 0.169809074 0.018544916 1.451893610 
599.677149796 -270.395249491 152.834630983 2.184832096 0.134586955 0.819103311 
601.114516849 -272.227379592 152.025628056 2.199810704 -0.217425525 0.328041252 
602.849517135 -270.337429390 153.022851762 2.252753869 -0.978999902 0.931297695 
604.569401581 -271.087864240 155.463961332 1.691767539 0.293456719 1.913926067 
606.063516645 -272.405086999 155.722005807 1.312751383 0.392347123 0.797040069 
608.014803417 -273.210176592 153.961691260 0.150181846 0.002860701 1.974558378 
609.068392574 -273.655613397 155.125982310 1.099678098 -0.622810266 0.778896521 
611.040333452 -274.698485440 157.857178807 0.647225177 0.308953667 0.653070156 
612.861181994 -273.957836622 157.701535821 1.584375958 0.768768605 0.780056322 
614.842382223 -274.844626948 158.803781472 0.592069505 0.647456090 1.338055973 
615.920879143 -277.682190900 158.213938581 0.996368242 -0.173292700 0.820536130 
617.826608854 -277.681706806 159.783863167 0.625994421 0.080170528 0.851635031 
619.649633619 -279.752011378 157.946378789 0.445984978 0.394930307 1.560563746 
621.376496027 -278.181756780 158.672225553 0.846107574 0.057746230 1.421975113 
623.220198431 -281.326419562 159.902041875 0.630964241 0.096544815 0.378577158 
625.064888594 -282.243785415 158.154697308 0.546570456 -0.434908763 1.297018361 
626.372109123 -286.098739420 160.751685601 1.861997001 0.052478037 1.224583519 
628.232801415 -282.893493853 159.325149808 0.116007517 0.292843444 1.692903991 
630.174701340 -284.521327204 163.589987790 0.366691111 0.524323128 2.702281830 
631.791292977 -286.359917319 161.262378185 0.696996437 -0.697225938 0.994881519 
632.893373655 -285.619621671 160.208644742 0.241347094 -0.155982565 1.109379347 
633.915019144 -286.532957309 163.471724374 1.953415502 -0.702648336 1.130868458 
635.895972308 -285.777228808 163.547475238 1.044602442 -0.278466587 0.242689146 
637.887755597 -289.528672465 162.923217073 0.603509481 0.782569578 1.276486216 
638.992075691 -289.057884904 162.279475501 1.221518618 0.600535416 0.846560689 
640.755456602 -289.377325020 164.205561422 2.429584646 0.153745989 0.821713001 
641.881492046 -288.714508812 166.739558185 0.712960023 0.815372806 1.025099366 
643.089971789 -292.051196756 165.864470937 1.470738970 -1.285701584 1.431344513 
644.258971780 -293.979617598 165.679883168 1.916002951 -0.576056927 0.378917328 
645.491354815 -292.703184273 165.073368255 0.989593173 -0.329277890 0.381397332 
646.783264379 -292.104168077 165.295490287 0.315696201 0.021930028 0.950593757 
648.169352760 -293.070902220 166.044416824 0.504934049 0.086245192 0.745375875 
649.598636905 -293.681332226 167.938944009 1.165478679 0.390140130 0.359730969 
651.083005966 -295.865556715 165.468611445 2.239025527 -0.835886145 0.974036152 
652.435888605 -292.949063771 167.192406407 1.484706189 0.506447357 0.411521670 
654.371700942 -296.340744695 169.835847138 0.528602693 -0.676163940 1.804240068 
656.156250391 -301.501054695 169.251100582 2.670099085 -0.366991105 0.249353102 
657.441103936 -298.184327593 165.572866885 1.389447476 -0.002723176 1.301287787 
659.260701752 -298.586438795 170.527686609 1.029076368 -0.281934367 1.402723645 
660.942680824 -299.298514998 169.533303798 1.571929753 0.843331004 1.366974029 
662.255090868 -300.267533355 169.726433606 0.534249822 -0.577429044 1.277331055 
663.819172092 -305.041971210 170.807075476 1.758787515 -0.552397473 0.420577652 
665.399135643 -299.215915809 171.003048586 1.684027204 0.312761087 0.597080373 
667.192352463 -303.902779472 171.519486201 1.495503050 1.029160488 1.018974197 
668.502414997 -307.727160898 171.575756843 2.946560923 0.783387214 0.583280815 
670.262854959 -308.717498015 173.601988513 1.391565732 0.021254731 2.017189701 
671.597493434 -303.422986376 172.103897428 0.851934652 -0.137766674 2.024995980 
672.674150278 -304.961737441 173.006582876 0.413181856 0.833761410 1.785910045 
674.270310303 -305.486641411 177.541360620 1.074078606 0.455554313 2.543733078 
675.840821228 -307.582718045 173.728280044 0.870029273 0.135333765 0.030625980 
676.846928900 -307.385000603 172.866680823 1.135670566 0.289335037 1.326889304 
678.446532739 -308.068674488 173.920438017 0.702765961 -0.304951509 1.953384904 
680.307349647 -311.121761234 177.410626281 0.988645768 0.290724030 1.430310513 
681.321831028 -309.551353839 175.217664097 1.872839629 -0.454600428 1.601680700 
682.974140648 -311.539681260 175.035654902 2.650416665 -0.312828812 0.448498833 
684.643984100 -310.073930909 176.077770814 0.705468908 -0.047756496 1.419789661 
686.341599379 -312.227850498 178.530909424 0.436986821 -0.004640430 1.159631615 
687.788734239 -314.327793917 177.293689011 0.661116634 -0.242222062 0.744964782 
688.871274047 -313.365609127 177.082803605 0.951101688 0.454229538 0.627807150 
690.832339257 -310.770134366 176.192439477 1.925536205 -0.710474085 1.190498076 
692.411798466 -315.568715295 181.448179364 0.225974821 -0.732114815 3.037640651 
693.922898599 -316.901236551 179.369404311 1.557452292 -0.902575425 0.760409291 
695.919420692 -317.893280720 178.238957456 1.150893768 0.355439865 0.374173010 
697.004411909 -316.308012351 181.765878556 1.492032479 0.157770909 1.569033121 
698.127109916 -319.600308010 179.750489125 1.567852957 -0.124357087 1.403168325 
699.897867824 -320.019815298 180.907846402 0.243900192 0.037129486 0.382263627 
701.620591270 -320.132891750 180.433926686 0.406299355 0.392379445 1.643393042 
702.702651841 -317.736339432 181.638024356 1.066251948 0.234444453 1.617801763 
704.490385708 -321.695175484 182.923446934 1.786607928 0.414731810 0.371214650 
705.965913045 -322.638007949 183.525514077 0.919971577 0.592449359 1.178585867 
707.246014206 -323.975119651 181.823825182 0.901065727 -0.776726134 1.899015886 
708.869212228 -321.799014683 181.163397251 1.665260351 -0.499444634 1.001895885 
709.878450195 -323.866488078 183.130697912 1.281679602 0.135886965 1.099283954 
711.813519362 -325.274611333 186.282084519 0.086610170 -0.098960391 1.455945284 
712.884696998 -327.352479385 184.223272322 1.074878958 0.426129027 0.329390920 
714.844889398 -324.237268111 184.687113713 1.879038959 0.181900885 0.711867185 
715.896296410 -325.697235794 183.063888643 0.430054513 -0.675907569 2.067753444 
717.870425242 -326.236210486 186.341847662 1.400605328 -0.327212393 0.466213625 
719.276369226 -330.527319293 188.645949721 0.673891038 -0.284770300 2.069428220 
720.827404783 -329.371717886 185.153152929 3.507692958 -1.433469338 0.862195190 
722.005268068 -328.875586139 187.064025272 0.117412633 0.150531050 0.241138913 
723.362992499 -330.105809382 187.451992072 0.160016790 -0.013741512 0.610201407 
724.447713871 -331.227766170 189.321111703 1.034437815 -0.154630590 1.076031185 
726.231465245 -334.000903881 186.325084143 1.135624699 -0.136893559 1.637828437 
727.969239678 -332.391719589 188.057770503 0.142541669 0.405719361 1.205220146 
729.100832638 -332.025250925 189.214734073 0.953621418 0.452888083 3.156381041 
730.900139308 -334.636742755 189.917591439 0.833954297 -0.679161299 0.885233155 
732.678156801 -337.520684738 188.035360850 1.035201362 0.505126412 0.652617378 
734.141360721 -333.812114037 188.955891099 0.881153984 -0.245480440 0.350449402 
735.524243374 -335.570287406 190.240724465 0.391929666 -0.177858643 0.469614496 
737.299396235 -338.450278479 192.858070151 0.716187775 0.415562985 0.853213325 
739.075795904 -340.182349092 191.657373090 2.621145489 -0.737558591 0.472903276 
740.351142437 -337.862229905 189.351451949 0.363210646 -0.064356192 2.114008164 
741.921486662 -340.109892953 195.504964893 1.519976021 -0.218708842 1.178628057 
743.745939122 -339.704477772 193.913476241 1.927779887 -0.438178627 0.874263656 
745.102470010 -344.633577292 192.419430423 1.998856243 -0.119299394 1.114007579 
746.554298625 -342.703239644 192.363760959 0.997872567 0.125029763 0.882007184 
748.406901766 -342.996916646 196.871497781 0.590852557 -0.409605527 1.355827428 
749.922832808 -342.308006480 196.842666955 2.264786708 1.281978101 0.736703194 
751.515684139 -344.321554892 194.837378992 1.226614437 0.282488580 1.488902824 
753.131263150 -345.394921653 196.261152193 1.243759534 0.349735835 2.436066892 
754.258016621 -346.348235692 197.994682490 0.564488012 -0.697092582 1.674303892 
755.923257533 -346.320773317 197.657828804 1.572902119 -0.352153328 0.996371623 
757.818386539 -349.362787565 196.439558301 2.191302358 0.083098283 0.344712073 
759.799167868 -348.864231371 195.780778979 0.615817148 -0.184610382 2.848308425 
761.567831130 -348.401759178 200.005073817 1.399403048 -0.021209783 0.838508255 
763.015528743 -351.242667972 199.565648744 0.532262703 -0.142451503 1.593061649 
764.110412752 -350.832347819 196.136076501 0.468475556 -0.592581125 1.354600739 
765.580131653 -350.904713605 196.873029431 0.613308566 -0.684308716 2.845858073 
766.790447417 -349.724760769 201.736091120 0.556434357 0.543238928 0.764069823 
768.625883138 -355.159129892 199.284365357 1.029043775 0.444832016 2.244388740 
770.069237965 -354.961162749 199.347329869 0.023747457 0.252185476 2.944193216 
772.047953362 -355.467957158 199.752659812 1.617716069 0.161898090 0.339250215 
774.033001787 -357.621329022 202.895102235 1.657835853 0.278766931 0.651956276 
775.502620270 -358.468237967 203.425532171 1.590025790 0.150538881 0.946108245 
777.221637130 -357.707075728 203.073798145 0.932373629 -0.046220625 1.307935138 
779.213141635 -357.555612744 201.707840865 0.177990721 0.345897313 2.182377775 
780.503662978 -358.282628050 204.350855728 1.991833821 0.340643550 0.160713117 
781.961050899 -359.199854365 205.148764767 0.821606196 0.343159560 1.600491937 
783.005686175 -360.538673673 204.167889862 1.714199444 0.604492983 0.747793629 
784.454784531 -359.954490310 205.848766373 1.845105465 0.011199332 1.564374760 
785.868308441 -359.834754656 205.735059236 1.343345445 0.503165650 1.635642704 
787.865752201 -362.701316337 205.058547209 2.592350361 0.287684265 0.708900475 
789.026054591 -363.415378890 205.729121629 1.431649237 0.676234559 0.823097375 
790.167953910 -366.600037028 204.021420827 1.663402390 0.476397760 0.539164442 
792.133203118 -368.196529175 206.774918387 2.201961027 0.370693608 0.322223531 
793.418190731 -365.311556910 210.049047328 0.396868153 -0.040920428 1.523925423 
794.430541342 -367.227059705 207.547656978 1.730155069 0.466442365 0.146882619 
796.088071397 -366.969720384 209.534191806 0.384354503 0.270739856 2.466283925 
797.364556658 -366.921703223 207.064625514 0.499026068 0.084872980 1.089291611 
798.706713754 -368.640607778 208.204665757 1.357456057 0.895991300 1.307968409 
800.034100226 -369.596525915 211.170237346 0.669521269 -0.039412869 1.150799025 
801.252053759 -369.554720112 209.064953229 1.371220018 0.162872311 0.372640499 
802.671805029 -370.949742302 209.141055279 1.302262474 -0.412755526 0.667788871 
804.415944791 -370.776080698 208.500056672 1.026820036 0.677388887 2.613324582 
806.307541746 -372.199272271 211.561476719 1.699124309 0.143263589 0.282071488 
807.319806123 -373.153270448 210.736133665 0.532738839 -0.482430312 0.760244669 
809.279329160 -373.345999576 211.669896777 0.885301753 -0.535316115 1.130474661 
811.012211003 -373.702131066 214.436716938 0.147115195 -0.258557132 1.319158828 
812.106304477 -373.517720411 212.191755247 0.747857230 -0.493150799 0.483338512 
813.179958130 -376.660748362 213.880171809 0.510923911 -0.173040359 1.544478974 
814.877771446 -378.574702475 212.961403344 1.485027823 -1.107964143 1.398684007 
816.118095287 -377.097102032 212.592130263 3.169833143 0.373815392 0.611500349 
817.904184010 -377.988452955 214.310283761 0.694883605 0.369259669 0.341148331 
819.132408351 -379.366252488 214.260363141 1.032235835 -0.334966083 0.928807246 
820.172175027 -379.667167844 213.419304848 0.491256268 -0.175261426 1.061675446 
821.973416557 -380.149754808 213.233890712 0.547885844 0.192211799 0.616291164 
823.755355232 -377.346165885 218.544546924 1.253707994 0.959301849 1.919093523 
825.635447383 -382.296458878 216.122273191 0.160296190 -0.486005454 1.788274007 
827.167734800 -380.172378906 214.669136386 2.226488671 0.265875180 1.471941133 
828.912598165 -382.788567504 215.555471671 0.908306199 0.721990478 1.253550113 
830.188683928 -380.959432403 216.379871144 2.124097224 -0.213347815 1.118506832 
831.457042006 -386.829843865 219.019067467 1.326736320 -0.309846709 0.802528707 
833.165139812 -385.867517202 217.559241119 0.630573079 0.187034871 0.972639815 
834.992491254 -386.501704000 217.735379856 1.445238663 -0.046396226 1.046527031 
836.415281572 -385.553143760 219.535472478 1.562805428 0.192948761 1.605649255 
838.329148111 -387.289365938 219.526324740 1.842005656 0.075789153 1.589147848 
839.908937082 -388.509178581 220.524763397 0.206904854 0.472586285 1.184605423 
841.404079313 -388.419769679 219.678794707 0.070303551 -0.167774999 1.162138191 
842.699063030 -389.908576756 221.269580434 1.041536400 0.117413741 1.164945005 
843.984749378 -391.470917965 221.789978715 1.274093472 0.210238396 1.579387637 
845.493812103 -397.799448690 219.562318952 2.071790398 0.032237321 1.851816906 
847.329021462 -393.609110810 219.245462633 0.604020608 0.492568907 0.708357652 
848.531619305 -391.640028461 222.567605972 0.726884343 -0.492143831 0.552283913 
849.618599946 -391.550650524 222.546157657 1.208190009 -0.707266898 1.244482228 
851.147296902 -395.663228742 222.699693946 1.068362161 -0.560527237 3.422116954 
852.931095774 -393.869318468 223.336318888 0.541187758 0.673606678 2.113778024 
854.547023776 -396.052030373 223.037520122 1.440373562 0.379827893 0.720767993 
856.299056575 -396.878826438 225.505304030 1.660760311 0.473108950 0.258464385 
857.921685496 -398.037666100 223.771911845 0.530143567 -0.743539279 1.494485440 
859.445550728 -398.729512806 226.005645400 0.632052794 -0.454299253 1.434005333 
860.500030587 -401.354125074 225.604430876 2.275506077 -1.167009826 1.690003626 
861.704373722 -398.379648757 226.606827807 0.719683071 -0.000579077 0.890670697 
863.130579660 -397.101569003 226.820282130 2.121935699 -0.322592603 0.693954102 
864.528245532 -401.843147689 226.017359534 0.448528654 0.615324487 1.138738516 
866.223600398 -400.839244819 228.548637845 1.086174720 0.116850098 1.052112542 
868.123709039 -401.390275835 226.473839429 0.374245591 -0.278535625 0.902370263 
869.680816032 -405.075129199 229.367505225 0.651069417 -0.426779549 2.187215654 
871.671845800 -404.872771555 227.813033132 1.037237390 -0.009222975 0.651797007 
872.926612916 -409.179358076 228.449305631 1.814331919 0.111544138 0.126245423 
874.859650724 -405.876408894 231.553552271 0.208675675 -0.115364723 1.259213116 
876.850489406 -407.139215378 231.068700728 1.379426691 0.200607834 1.530154641 
878.286435738 -407.326538684 229.285375248 0.347777606 -0.015294720 0.640803501 
880.249119989 -407.856184298 231.013872485 0.481021687 -0.129489082 1.298030577 
881.973524704 -411.392270100 233.916419584 0.801518579 -0.661848993 1.829819914 
883.295775044 -410.990957366 230.927541944 0.513367827 0.203744653 0.836355983 
884.936835395 -410.244903539 232.004065624 0.270289467 0.377454905 1.046220317 
885.954598716 -412.779183886 234.947914875 1.822815609 -0.219675900 1.840711339 
887.427640138 -410.512356014 234.707557560 0.969283710 0.218121913 0.185463241 
888.792170520 -414.329316042 235.450831366 0.213373635 -0.179752184 0.640312933 
890.627491906 -411.843473937 230.871848086 1.638071431 -0.094789969 1.293053749 
891.628694949 -412.499028598 234.397262248 1.616765001 1.129721247 0.901627567 
892.896160249 -412.669300854 235.047061854 1.924391322 -0.114711160 0.278290532 
894.443778786 -415.987135636 236.354507353 0.458256007 0.327474686 0.555560788 
895.512747805 -418.390189530 236.417675867 1.019501846 -0.460432514 0.892583662 
896.899521926 -417.764697124 234.455403095 0.897045249 0.341242026 0.338778779 
897.967009169 -413.956758856 236.308253782 1.766329480 0.141615793 0.369214964 
899.464219725 -417.750542620 237.880313585 0.202417856 0.100441881 1.709203034 
900.523798298 -418.454410126 238.935315325 0.664595035 -0.081449343 1.067367114 
902.165004918 -419.981996379 238.223857586 0.890640843 -0.053254214 2.516779912 
903.331324936 -419.877343256 233.332259500 0.004024190 -0.037589452 1.847932035 
905.187058095 -421.908030455 238.825491275 1.582116554 -0.212329826 0.229264789 
907.062530361 -424.191153615 240.085406376 1.446776006 -0.754076251 0.711177708 
908.163670994 -423.884788259 238.874003908 0.631757895 -0.193123518 0.343101105 
909.578843777 -420.503036895 239.499271942 1.494133684 0.265322644 1.885362070 
910.651162434 -424.970275295 235.334055632 0.783531173 1.330608066 2.509516168 
912.365762211 -423.129252670 239.301225263 1.404007264 -0.670085422 0.985252592 
913.647226124 -427.766568114 237.818705926 0.437441769 0.775809815 1.618667837 
914.846476396 -426.191189466 238.867353818 0.634226806 0.114435657 2.257672493 
916.804999415 -426.031802379 240.273159291 0.320501843 0.249151037 0.696577223 
918.193946560 -426.292025149 242.439076187 0.865691940 -0.321422326 0.550287955 
919.851132302 -431.094334910 243.841751649 1.428487450 -0.687087728 0.421664038 
921.652802738 -429.126788596 241.916625130 2.137451971 -0.324862504 0.107281158 
922.777257143 -426.655912822 243.139239829 3.364631607 -0.026471796 1.607331364 
923.975136644 -429.338069234 243.542178582 0.484362198 0.393616384 1.049465145 
925.510662566 -431.357212444 244.443203494 0.177174131 -0.366334935 1.132425300 
927.234669935 -433.402381815 243.185912500 0.908987106 0.387261353 0.846149060 
928.410013411 -431.959712482 243.887267272 1.623328003 0.730714846 0.495777761 
930.181192461 -431.948027372 245.114741785 1.346428263 -0.651557998 0.528846850 
931.992018810 -434.196432066 245.957738648 0.365456545 -0.584903975 1.762856957 
933.339730666 -435.814660050 246.895322359 0.070337301 0.099369394 0.769771218 
935.045453909 -437.349134992 245.012161530 1.174346599 0.283110272 0.590660631 
936.217539381 -436.042085124 246.650729252 0.609525839 0.259897202 0.305421299 
937.495178440 -436.094439032 247.521468108 0.704975858 -0.498104143 0.836156701 
939.052888121 -441.092763098 247.588880151 1.932353322 0.424009562 0.678087184 
940.795259429 -437.634481003 246.824446281 1.410070187 -0.771251678 1.836293888 
941.960631848 -437.043773994 247.107034061 1.071076067 -0.821663249 0.868108226 
943.828263458 -441.480913575 251.188006035 1.701400107 -0.396594094 1.353861837 
