46.690594888 4.685436505 -1.680131162 0.821255885 -0.728875668 1.381864925 
48.322614836 4.570603173 -2.672048521 0.248575471 -0.356939329 1.623298843 
49.351497051 1.079987822 -2.413038105 1.378569244 0.417038307 1.507343692 
50.836188303 3.064024836 -1.035399437 0.550425521 -0.355303764 1.876233485 
51.986606944 -0.041543219 -1.544046594 1.218315386 0.041432255 0.906162414 
53.663116030 1.138800771 0.585227139 0.456158688 0.307686201 2.144945756 
54.933157235 0.365797161 0.005316851 1.578589193 -0.188572898 0.088423656 
56.462673485 1.283686909 0.358711585 0.883001534 0.624023956 2.555354012 
57.990275364 -0.743556481 1.262236041 0.748995027 -0.417774208 1.398259980 
59.306895123 -0.787704881 -0.214397257 0.283368924 -0.690125252 2.114415977 
60.460126803 -2.480584638 2.775878005 0.524581160 -0.145518511 0.798058681 
62.231642388 0.617898098 3.146321679 2.791895615 0.539080202 0.582651718 
64.074721258 -8.036022096 -1.678626312 1.883660300 1.672657624 1.779677564 
65.368248012 -3.019939333 2.012326011 1.000414706 -0.737481411 1.116488188 
66.780734810 -4.524539655 2.388104073 0.813175315 -0.019438620 0.911232071 
68.640726061 -6.019068985 4.799792923 0.693652712 -0.170572506 1.422665933 
69.813519489 -6.696577733 3.819746453 0.547057554 -0.072213867 0.973065247 
71.465300934 -6.267889995 3.775335248 1.120728244 -0.517172379 0.946225827 
73.084615595 -7.516460540 3.465186328 0.303948198 -0.091840702 0.729460042 
74.652796369 -8.086104190 4.741125504 1.113490777 0.490138008 1.341663494 
76.486897426 -10.201031934 2.997041630 0.605450625 0.476308986 1.708325353 
77.539979023 -11.042587528 4.649444760 0.921499969 0.003332437 1.050491148 
78.769025746 -10.994348927 5.933721204 0.866899295 -0.557562397 1.111288535 
80.392448148 -12.048134456 7.462516512 1.567799830 -0.018097388 1.378066279 
81.894279897 -13.712943330 6.994226856 0.929858707 0.302151958 0.762003621 
82.963741897 -13.039727414 7.974626849 0.964028727 0.525480817 0.556364166 
84.346670333 -12.979097957 7.943132379 1.952059385 -0.800834672 1.208020458 
86.184385334 -15.053967151 8.842538327 1.640049873 0.740738111 0.994893151 
87.369013963 -14.024110017 9.292774779 1.855891848 0.799277569 0.548981629 
88.464080531 -17.239209704 8.110517186 1.706403884 0.506191622 0.946942599 
89.878614253 -15.872005653 10.221961254 0.618038084 -0.221198845 1.303486481 
91.544331990 -16.857605346 11.498942444 0.167901525 0.543621449 2.116808498 
92.885488506 -21.822248620 11.275663155 1.743702419 -0.570248138 1.210307553 
94.784243915 -24.159696153 12.668672138 2.863025227 -0.604067240 0.920935061 
96.256492819 -17.632558683 12.216351657 1.855557074 0.708587205 0.720240680 
97.776845162 -23.048765400 11.867426747 1.613608036 0.239474043 0.799696961 
98.981803343 -22.813365161 13.420374726 2.410916516 -1.393667243 0.973645939 
100.522342863 -21.047628162 13.774611548 0.592557204 0.711956379 1.374918210 
102.418183171 -22.782134737 12.942296126 1.031198801 0.303079593 0.372851650 
104.199546127 -25.676444998 13.596348323 1.673383661 0.036388574 0.875669402 
105.791124090 -24.277907620 13.066663720 1.136757888 0.347754208 0.578431582 
107.603138100 -24.990245867 16.052299084 0.165721615 -0.029796287 2.175842868 
109.510739244 -25.873463393 15.389024610 1.028289327 0.043926490 0.736788880 
110.738088880 -25.775612341 15.887899613 2.144625767 0.565002803 1.571148904 
111.797878689 -23.619120363 15.006025916 1.917191909 -0.058452556 0.466317899 
113.469155387 -27.624130173 16.023580485 0.637163119 -0.258008381 0.596435246 
115.076773709 -30.344158220 19.125982593 0.569197578 -0.416932107 0.927087711 
116.096128326 -29.130835745 17.134029353 1.648457202 -0.438873929 1.226869090 
117.097174850 -30.378587145 17.272629606 0.288143789 -0.008951432 0.908260241 
118.372707359 -30.633009549 18.017028264 0.196499441 -0.200179299 1.415174525 
119.518432037 -30.110765813 19.566626727 0.684994829 0.862470174 1.523810884 
121.209350661 -32.198942408 18.359625814 0.857138550 0.643609988 0.615925713 
122.567872483 -30.724803598 21.894410571 2.667167867 -0.239068765 2.229847653 
124.473457834 -32.619129056 19.375313125 1.414156995 -0.112908219 0.236426730 
125.788271572 -34.409099593 20.129622680 0.323301218 0.111652983 0.594898082 
126.935815291 -35.221730803 20.543242886 0.694192090 0.204896903 0.680253832 
128.142252848 -34.800282532 21.690485390 0.264660828 -0.061652136 1.170460552 
129.806359160 -37.210238805 22.685800676 1.046686335 -0.211162069 1.343510137 
131.006666609 -37.291162425 21.483320193 0.692288137 0.134004082 0.706372318 
132.735597043 -36.697429047 22.694151984 1.030588237 0.757101897 1.447160288 
134.523908838 -38.923356710 22.544653878 0.490827414 -0.176564251 0.391998524 
135.806872661 -38.748055658 22.512371440 1.572752507 -0.004868505 0.925792560 
137.252195422 -39.923813818 22.439858293 1.828517503 -0.811979830 1.353272961 
138.810401487 -40.344606131 23.662998533 0.479524370 0.388072239 0.394629042 
140.706221656 -41.725957462 23.341822568 0.771655800 0.110237135 1.567067784 
141.894940726 -41.294338507 24.035287929 1.069161457 -0.436755516 0.903567039 
143.156665875 -42.945027111 23.716423568 0.322013693 -0.065712505 1.500310077 
145.076903992 -47.124327238 29.299662200 1.029070001 -0.769320257 1.282317584 
146.370041226 -47.291033230 26.688827889 2.110519454 -0.799714651 0.557319863 
148.242012507 -45.538050539 26.211493146 0.199705608 -0.181128144 1.354994336 
149.922824202 -45.970002347 26.300358888 2.107134496 -0.239041865 0.434683400 
151.498341987 -48.301775217 25.674543893 1.184734358 0.452990093 2.078060072 
153.462797797 -47.803803458 26.933782448 0.410983738 -0.100348619 0.487917769 
154.798049628 -47.632531258 27.720293299 0.617823098 0.326319390 1.743037383 
156.556762669 -48.675566038 27.721533558 0.570161111 -0.637660320 0.889736068 
157.676951002 -49.023529511 28.648592196 1.955374278 0.150772246 0.718660712 
159.654465292 -51.760531041 29.963568092 1.361500610 -0.129195275 1.010729618 
161.217110848 -52.051030330 28.354836860 0.254593439 -0.061905352 1.749227272 
163.109517799 -54.050387172 30.912575234 1.613584436 0.198505718 0.744567114 
164.989326442 -54.709964013 31.337148464 1.598732915 -0.669144708 0.788196618 
166.543242540 -54.931577892 31.447182055 1.316128187 -0.223291762 0.353820706 
168.450832908 -58.406526138 30.031332121 2.390601075 0.082126302 0.982922432 
170.002317480 -55.713994017 33.883344720 0.695205704 -0.009195759 1.889461854 
171.157198165 -54.868048246 32.510965409 2.233248933 0.390746268 0.434286605 
172.476633817 -57.379997718 32.538962525 0.698931072 -0.228337009 0.947681833 
173.933267059 -57.054620836 33.603211932 1.240196001 0.502678457 0.573895006 
175.596579627 -59.443719211 34.070551085 0.897170876 0.455162808 1.697635319 
176.760125433 -58.084653789 34.406137860 0.961469900 0.136308783 0.269095152 
177.858690665 -59.986945721 34.637741865 0.011838019 -0.083660150 1.803954683 
179.240869287 -59.475338083 33.210510880 1.290026437 -0.207689670 0.587494626 
180.471238255 -58.597358936 38.086667439 1.391578623 1.271078536 1.430194426 
181.522460360 -61.534250054 36.050260484 1.074466065 -0.111829980 0.650119221 
182.958100135 -60.733445509 35.233401454 1.406691664 -0.951414849 1.162644793 
184.380414201 -64.432798600 35.086995211 0.624799506 0.673636100 0.812844612 
186.209502996 -64.907625894 33.808280095 0.698057360 0.454805216 2.435973882 
188.207859282 -68.177341437 37.186068395 1.817089002 0.343734306 1.327776230 
190.027779043 -65.552885549 37.561272741 0.807922697 -0.647124550 0.720117603 
191.168588972 -66.573851530 38.969423388 1.105974045 -0.111517566 0.348789905 
192.887008116 -65.198775702 39.219343011 2.487688618 0.558007194 0.878078527 
194.014445789 -68.368326638 38.300536467 0.943225497 0.828517828 2.726195026 
195.675446843 -69.019110064 43.777665359 0.917208145 -0.923311895 2.667815337 
197.571352292 -70.440687050 40.298283609 0.959893860 -0.034351463 0.220448693 
199.280895082 -69.651706664 41.055661387 1.075703736 0.450618885 0.420751313 
200.508254048 -71.327794028 36.977342116 0.012022287 0.126297852 1.973363128 
202.049569534 -72.317511811 43.104907400 1.216185358 0.003947792 1.077973239 
203.388046890 -74.238145207 41.600142759 1.218530881 0.008751078 0.488891773 
204.870778704 -73.339592586 41.493816878 0.711049225 -0.880358920 2.607422890 
206.607623687 -73.391876087 42.071645906 1.705242167 -0.875339600 1.744353332 
208.051103869 -73.999555726 42.806016002 1.425878413 0.110870308 0.464339435 
209.201707377 -75.614208367 44.183792236 1.245435678 -0.070337156 1.165204676 
210.783738685 -75.692341033 43.359017881 1.641495305 -0.454775302 0.446475599 
212.239345712 -77.287076058 43.592730834 0.677879396 0.030452550 1.673388761 
213.783318228 -74.862750706 44.874454222 1.053464291 0.018254180 0.588665215 
215.657901052 -80.054843408 44.561576971 1.748293254 0.869426874 2.532185713 
217.588087573 -81.067516909 44.159318020 1.610812132 -0.161676425 1.499343388 
218.960642637 -81.319905869 46.263115421 1.056950019 -0.273306369 0.788154443 
220.807508205 -82.814535416 46.452319398 1.212937059 0.041839478 0.010732007 
222.571007717 -81.398362682 47.875447159 1.327104364 0.530229860 0.473223813 
224.253952731 -82.208306382 48.113195599 0.831348787 0.775031530 0.881428800 
226.071818044 -79.262158747 58.576713008 0.987170730 1.298772336 3.259642076 
227.563814363 -84.178535539 48.782453146 1.157597781 1.335357877 1.840528078 
229.257265470 -85.533821391 48.781329024 0.810499827 0.194910709 0.106181479 
230.752009491 -86.779654917 49.108561034 1.541347466 0.056271500 0.066996764 
231.756265948 -86.562775579 49.444828181 0.082239072 0.249099761 1.865393267 
233.250312679 -85.160257442 50.251456190 1.611934756 -0.085491431 0.338522579 
234.724298604 -88.248200389 49.573298096 0.678453559 -0.191657021 1.822973908 
236.250733561 -89.704239136 51.531461312 0.531643579 -0.311892812 0.541430019 
237.863377854 -87.534664618 52.437183814 1.400766693 0.222453141 0.958459191 
239.666754676 -91.602656295 51.677421102 0.753218411 0.098096504 0.104916327 
240.932164199 -92.085511548 52.336575497 1.447249445 0.084297378 1.529514168 
242.550884471 -95.065710222 51.615653842 2.134275741 0.401586250 0.700067991 
243.702755924 -92.086272293 52.052855624 0.579932738 -0.018930469 1.179872055 
244.769553332 -93.158346095 53.276540102 0.542843162 -0.676680770 0.970704859 
245.805773070 -91.802060480 49.905516582 1.300366322 -0.638927258 1.949893990 
247.268540418 -94.814477031 53.203233049 0.231266975 0.231773154 0.504304782 
248.416260539 -95.030391498 55.473290472 0.903274614 0.700945482 1.747058693 
249.503602217 -90.897343465 57.183822216 2.209710410 0.553329827 1.000783269 
251.185397412 -97.811504724 54.996711520 1.395944374 0.076192285 0.649546196 
253.146911496 -95.274674295 53.640102268 1.066225182 -1.019996721 1.027841135 
254.352732628 -97.101857958 55.983770657 0.811163893 0.069190329 0.304585005 
256.220400997 -99.142930443 56.316511900 0.137365380 -0.039157979 0.725255799 
257.565277399 -99.849075132 59.984116334 0.544379539 -0.704113301 2.722300788 
258.789131778 -99.290170800 56.559529451 0.891894252 -0.286668880 0.709855356 
260.175372276 -101.011856610 55.577170708 1.139150496 0.971095012 2.260407893 
261.933582386 -101.947890304 58.333086623 1.065488019 0.221328736 1.589678855 
263.160983743 -100.719911323 57.811821519 1.719977943 0.111895642 1.042870804 
264.228174047 -102.298881822 58.711729918 0.786918233 0.125453201 0.310746872 
265.560228115 -102.436372883 60.977904021 1.240807018 -0.064986327 2.162066476 
267.011974520 -104.626784959 58.993972817 2.107228731 -0.167159136 0.541789133 
268.499740709 -106.611973649 60.410897489 0.880593880 -0.296491591 1.011764065 
269.846557972 -104.247323298 62.452361482 1.419462560 0.199877949 1.469199939 
271.372396256 -105.158047801 59.248667229 0.386309486 -0.398356310 0.730613992 
272.628152339 -107.736078874 62.245514459 0.590547468 -0.185772105 1.042356083 
273.673729222 -107.464562518 60.299767498 1.951013553 0.158727735 1.774746486 
275.241433629 -107.686793944 62.138445449 1.395830832 0.554601875 0.493984464 
276.645869947 -109.731650628 58.223101589 1.168860672 0.266206460 2.104884837 
278.098297278 -108.700412188 63.102608580 1.443822964 0.179275343 0.282969982 
279.461791460 -110.484952600 62.717613533 1.046247807 0.326211685 1.106430598 
281.417495044 -111.482221128 65.501022709 0.161874922 -0.214000152 1.277829957 
283.095753925 -111.407513183 63.858223386 1.809777683 0.390921891 0.293776337 
284.426645857 -112.896671259 65.453416384 0.713014029 0.271733464 1.662116168 
285.867239884 -113.675287613 65.397049975 0.181388558 -0.464942330 2.897069914 
287.667722513 -114.056044468 65.959420756 0.376133695 0.385854994 1.802525357 
289.211838567 -113.712775989 67.153093556 1.114489180 -0.012476679 1.455675496 
290.640553821 -116.489791359 66.928375474 0.596308309 -0.148440028 0.775848144 
292.227336801 -116.566009633 67.309369069 0.204171290 0.435771582 2.315216827 
293.413757386 -117.161448892 66.441500222 0.393750659 -0.742723478 1.612732285 
294.420865903 -117.756933442 67.231976612 1.357944003 0.392078480 1.001942105 
296.244513989 -118.289924652 67.451745429 0.530869151 -0.465888313 0.710494977 
297.687579409 -119.387027006 67.494201649 0.018397312 -0.093849641 0.900807616 
298.883192025 -119.156865794 68.961639834 0.974671467 0.459085266 0.753572489 
300.624459334 -118.923906264 68.215078709 1.715561648 -0.518676968 0.266950208 
301.968184854 -120.517313342 72.394365115 1.170259809 0.844179160 2.047582284 
303.678026340 -122.367438445 69.980341303 0.167104391 0.618163020 2.638395929 
305.157078971 -122.923983109 69.895935697 1.175554364 0.708075211 2.264150768 
306.488324023 -123.140859472 69.751991612 1.196477793 -0.923503030 0.943951764 
308.382078205 -123.720021495 71.320562899 0.379894670 0.247627193 1.331278946 
309.884372488 -125.211570893 71.296924252 0.827504617 -0.196211440 0.456704851 
311.622303119 -125.311793648 71.970097780 0.808055192 -0.168121289 0.719390215 
313.415769961 -128.819795578 71.766908017 0.892907859 0.414693389 0.757311253 
314.650902247 -130.232668077 73.123703246 1.304149886 -0.415091741 1.587838192 
315.794360993 -132.650421716 72.534760352 2.423627957 0.407136864 1.475707782 
317.376833003 -132.116440169 69.481659931 1.180932636 1.481726910 2.255492729 
319.292751555 -130.288810897 73.479431499 0.271190792 0.033892009 0.551801693 
321.241035176 -131.799019279 76.046861983 0.381889050 -0.159575017 2.049781237 
323.013170376 -131.953767242 75.064638436 0.478818516 0.186953681 0.206243961 
324.550935105 -131.559543501 77.906650573 0.650132289 0.501607681 0.932268950 
326.369459379 -137.269850956 72.557414165 1.275763786 1.133883008 1.045748627 
328.229009849 -134.388989889 76.427516262 0.389015742 -0.181364101 0.952988465 
329.891791816 -138.080188154 73.616151744 1.629482595 0.311889281 2.454295448 
331.486396376 -135.444062307 78.112501544 0.540173877 0.540518482 0.645852164 
332.957532124 -137.323757593 78.358340913 0.950745725 -0.489645156 1.137361815 
333.973857134 -136.621889610 77.664428342 0.958139223 -0.801560311 0.914546877 
335.232895716 -136.105887567 79.814713949 1.445960171 0.710846768 0.721614191 
336.729637923 -138.653446616 78.918925944 1.495698514 -0.163155661 0.649020658 
338.168605002 -138.893289308 79.484807175 1.580788931 0.967341225 0.682196863 
339.678369152 -139.651274256 78.713846475 0.621138869 -0.715886691 2.010156801 
341.147071083 -141.407133558 81.482066502 0.669948252 0.146826524 1.043686218 
342.822111504 -141.667701678 80.208800765 0.207795975 -0.172185364 0.322414083 
344.163355421 -141.359216769 80.630862143 1.951717154 -0.297921827 0.348547615 
345.643986119 -142.675272787 81.535138009 1.418130105 0.152456353 0.102709142 
346.668012328 -142.953985475 81.508069396 1.404027764 -0.379407278 0.774092964 
348.165357411 -146.229145089 81.744665188 2.342565277 0.429641925 0.168258005 
349.290487120 -145.279409728 83.656563407 0.671336939 -0.087178723 1.242393243 
350.372872950 -145.132391063 82.907507256 1.849524556 1.092143035 2.778032071 
351.696654988 -145.188783399 83.853663558 1.143438937 -0.031956699 0.824820566 
352.954532342 -145.227207473 85.212657542 1.098388473 0.983870687 1.352042565 
354.176578659 -146.000966305 81.538460966 1.667460618 0.210497256 1.889642435 
355.981012251 -149.391205681 84.555831554 1.534101068 -0.142783024 1.662088313 
357.916187217 -149.989345042 84.365774813 2.088953775 0.867986842 0.982796467 
359.805491576 -151.608371750 85.330103906 1.355559367 0.451061394 0.418937696 
361.297765714 -148.942542832 86.776063972 1.990464509 0.949892907 1.399719014 
362.362480005 -151.106128433 87.407872812 0.386391521 0.446654513 1.833348007 
363.799258238 -152.877992735 84.663131020 0.655870240 0.277086810 1.114585467 
364.813819286 -152.783541661 87.012914802 0.644392962 -0.600396841 0.577031995 
366.155911415 -154.089000604 89.036499657 0.576165814 0.033057763 0.757739610 
367.505284479 -154.548900799 87.062082119 0.935176012 0.186880010 1.230805785 
369.135614138 -153.968442932 84.456557544 0.691683343 -0.366025675 2.314878479 
370.907838283 -154.823961036 88.434806345 2.077632283 -0.069566595 0.305680355 
372.647826467 -156.350517041 88.523277770 0.294577435 -0.005020759 0.367831519 
374.347851557 -157.665251115 90.503931861 1.483023654 -0.074453733 0.836636131 
375.625417256 -157.982636884 90.018827022 0.504834175 0.468829724 0.992123881 
377.288930220 -159.379841984 90.376352892 0.867296542 0.043932986 0.063073456 
378.383311650 -158.723164925 92.799200301 0.254474927 0.353007969 1.089351802 
379.921702557 -159.409836555 90.120396172 0.639345269 -0.461520870 0.476301221 
381.412212089 -160.796677438 89.244928313 0.319528330 -0.081509071 2.836145307 
382.815979641 -158.075793511 90.183515830 2.105047972 -0.444542710 1.034072927 
384.322548082 -161.173404423 92.838064939 1.333266370 -0.433444602 1.242649855 
385.955790853 -163.646217913 92.448868597 1.784771240 1.067192758 0.674778574 
387.632569194 -163.945476425 93.092505305 0.600504303 -0.202238227 0.124612797 
389.480352559 -169.713287309 95.236022228 1.849020981 -0.249138550 1.212784504 
390.792200523 -166.083973714 91.471117449 0.394147194 -0.029079434 1.548552632 
392.320336430 -165.856342118 94.282098559 1.646754306 0.127424030 0.463717821 
393.934058949 -167.233457170 95.458410653 0.238133768 0.200393244 1.557462412 
395.179903501 -167.849519070 95.506682015 1.140293849 -0.737198791 1.406362160 
396.526441278 -169.905170319 100.118922698 0.616685941 -0.595481693 1.429903697 
398.436932499 -169.018118397 99.782774648 0.337493602 0.368868337 2.316187799 
400.354942826 -170.746429882 96.353584660 1.255065126 -0.064985204 0.274472602 
401.882988764 -172.478823060 96.757289220 2.402919073 0.407961878 1.845725346 
403.652662808 -170.817288766 97.643409186 0.928535045 -0.184069798 1.152833749 
404.976876523 -170.966377671 96.457313158 1.267930809 -0.732738725 0.813154896 
406.458784628 -173.480265636 98.336849640 1.320506260 0.030361993 0.046997167 
407.640336484 -172.920901359 98.455920500 1.954965153 -0.998976462 1.777145395 
408.716083239 -177.649467699 98.206171833 2.044189209 0.465104888 0.201590703 
410.638290456 -175.329957128 99.499775667 0.644474946 0.947057090 2.414701722 
412.135020005 -178.664863642 103.412525383 1.142745577 -0.509612432 1.448001959 
413.750419937 -174.859534311 103.550107277 1.004901628 -0.165300317 1.880471703 
415.084971031 -177.354642783 101.223996509 0.348129965 0.589681091 1.206791750 
416.275606980 -177.505252740 100.314723622 0.699924148 -0.649113589 1.294745977 
417.702017532 -180.807984088 103.562805489 1.220868958 -0.766244265 1.674094336 
419.172847175 -181.053391570 101.842497011 1.113406239 0.145604445 0.481509118 
421.078495896 -181.225739918 102.346641109 1.159846477 -0.138344815 0.846386941 
422.515113439 -182.104068354 104.020610376 0.929459884 -1.118512320 1.440784907 
423.810857880 -181.815080868 103.732701326 0.882809616 1.206047020 2.093671255 
425.255220088 -183.221427241 106.661181580 1.291494488 0.013022128 2.168603557 
426.345295397 -182.778151557 103.291647184 0.416098816 -0.333463698 1.591779054 
427.721435731 -183.215350428 105.208895915 0.853909823 0.149137933 1.328304874 
429.640752512 -184.678707038 104.981924726 0.848955586 -0.252402043 0.709377890 
431.342309583 -185.400338621 104.937656935 1.188699133 -0.789435415 1.579729267 
433.095606049 -185.736558172 105.653380855 1.880029301 -0.344536320 1.217694666 
434.885466738 -186.018189683 108.044952396 1.935472310 0.882775753 0.959194723 
436.865446238 -187.007610854 106.080968246 1.477548971 -0.788796396 0.555972583 
437.870471890 -187.904718642 105.124627554 0.422837150 -0.622618797 1.196255810 
439.274952916 -189.789748150 107.137099643 0.580097972 0.495592097 0.766620103 
440.955972262 -189.533795729 108.246267782 0.701543141 0.064345887 0.185549439 
442.818557548 -191.242814201 109.217296043 1.029150215 -0.406530889 0.985115721 
444.369667375 -192.400378907 108.493139332 0.221155544 0.090612008 1.328820885 
445.543168929 -193.261937777 110.918154117 1.869769785 -0.693889639 1.200556963 
446.573867932 -191.158866800 109.836047238 2.167848027 0.553951850 1.641270906 
447.950835257 -193.708347299 109.622027028 2.091585531 -0.743556375 1.296916769 
449.680260742 -195.180612325 109.924049947 0.605767649 -0.055574730 0.447122494 
451.424734429 -195.666088096 111.590990453 0.789650969 0.080190556 1.117631590 
453.189980727 -200.477684098 111.716824490 2.448969443 -0.152749053 0.137773436 
454.645403622 -193.101198953 109.970176346 2.488204939 0.051296516 2.223201762 
456.502642082 -197.049603012 113.555003770 0.944020706 0.396057131 1.489464552 
458.438206103 -198.379359819 112.698488950 1.678022704 -0.979512115 0.841786620 
460.103475309 -198.684904365 113.856890195 1.864603041 0.062314507 0.307121118 
461.360885369 -199.637729106 112.803034866 1.171114741 -1.019234680 1.259028614 
462.575454863 -201.421673998 113.983550768 1.433144683 0.613445138 0.334531346 
463.727514943 -202.173561661 113.606629482 1.150232399 0.634032712 1.193829568 
465.102570331 -203.601380451 114.903186866 1.535855334 -0.190734250 1.070470017 
466.494453839 -203.221863056 116.344864406 1.441584893 -0.040764119 0.984636390 
468.046071733 -203.343158803 116.096024965 1.007814858 0.616748693 0.463003188 
469.083926211 -203.245300579 116.516511911 1.054892808 0.233680834 0.293785453 
470.311226166 -201.846057695 116.855517134 1.536754128 0.895972646 1.615267989 
471.530707105 -205.259524821 116.525465224 0.828093344 0.693980563 1.348965128 
473.039601508 -205.761704807 119.919216977 0.969811998 -0.335810972 2.067375132 
474.604393688 -208.069457397 116.956848950 0.840613324 0.500762388 0.335960511 
475.904932640 -207.417906081 118.916044605 0.219153558 0.575340415 1.693462058 
477.460471389 -206.008493180 118.029436662 1.867715550 -0.309545545 0.112899415 
479.007081163 -209.164173735 119.269914783 0.048452071 0.140733276 0.452865807 
480.209940573 -209.716627913 123.058327567 1.675819059 0.305081062 2.034415532 
481.914305113 -210.059743951 117.160742052 1.247861005 -0.862964941 2.098167176 
483.758150414 -208.334384579 118.647331129 1.321288557 -0.466768758 0.745135571 
485.234323889 -212.322215474 116.678239057 2.391611823 0.473902967 1.911877497 
486.673192548 -212.608978990 121.038520497 0.903808191 -0.134448654 0.255525913 
488.194824937 -214.432381875 121.063150352 0.436972716 0.481921610 1.100151972 
489.990281417 -214.189390713 122.708989361 0.272405432 0.524993986 1.018250388 
491.703578117 -216.021420313 122.541359216 1.694601909 0.202611913 1.353874257 
492.923739172 -215.781103047 120.971813106 2.991364322 0.165229413 1.429097679 
494.571217813 -218.505412909 123.914724488 0.579524004 -0.072755605 0.874841608 
496.414362847 -217.048163209 125.884389245 0.327322214 0.363817847 1.761243482 
498.318059602 -218.773530691 124.763564692 2.423884130 -0.390548054 0.496052507 
500.235246013 -217.631468311 126.842950525 2.207473134 1.278721869 1.470607194 
501.670777888 -222.125471859 122.846766963 1.175657764 0.672244796 0.873993849 
502.856841193 -221.531996980 125.353837747 0.475990335 0.384789644 0.941152864 
503.913878635 -223.525151496 125.814916708 1.885796630 -0.209653540 1.022891148 
505.901525572 -223.004390835 126.159636685 0.475935297 -0.426555982 1.883396023 
507.415649345 -224.920564795 125.517835603 1.411145177 0.175533010 1.141734586 
508.701535358 -224.268971280 126.467677617 0.902739071 0.082959295 1.698035135 
509.998709957 -224.990135061 127.630317252 1.043259880 -0.261118529 0.842335022 
511.681619242 -224.285444887 127.034285124 0.930478875 -0.461857985 0.523216925 
513.248329222 -225.493337744 128.011187285 0.898925050 -0.235076833 1.333618751 
514.429403072 -223.872139353 124.474520734 0.968134529 -1.348298205 1.899709736 
515.522200866 -227.016521512 132.560721328 0.177489439 0.082521974 2.235288963 
516.982088194 -228.299771682 129.449245179 1.217840902 0.902590658 0.834793824 
518.010975136 -228.949225832 128.436407533 0.683013661 0.110766666 1.671797701 
519.739753027 -231.302002758 127.298639162 0.583276539 0.770529875 1.443461033 
520.893722680 -229.924536949 129.116164531 0.248045152 -0.208563077 1.191155683 
522.133753511 -231.350761755 129.507067323 0.688685886 0.055180084 1.488637355 
523.718478299 -231.982012512 135.024240435 1.795598406 -0.468077530 3.452377331 
524.745474046 -231.541313143 130.593104541 1.061278306 -0.669572117 1.061742232 
525.892696635 -230.562855799 130.626493593 2.579806919 -0.017335788 1.548435568 
527.868206123 -234.050515663 132.641743526 0.633758499 -0.194811828 0.337651595 
529.324048442 -233.897921479 132.970866504 1.472006397 -0.452969044 0.495659596 
530.897434480 -237.002974941 134.605673675 1.972501148 -0.940130392 0.734696777 
532.699978184 -236.094868805 133.675100178 0.690367672 -0.039192450 1.043845759 
534.556056515 -236.259406641 133.953639866 0.782779126 -0.592491779 0.544279111 
536.553999035 -236.222135784 135.590511577 1.131793658 0.346455149 0.905257123 
537.556013705 -238.798649057 134.732379253 0.392028949 -0.160823348 2.058375010 
539.125356174 -239.724802551 135.364503464 1.435326466 0.314701577 1.673127349 
540.720407214 -236.927860829 137.521761252 2.799200457 0.762438094 2.200811653 
541.949859918 -241.520553331 136.506459340 1.719784908 0.668122542 1.416585540 
543.704738800 -238.376943038 137.291154162 1.543545436 0.351011980 0.632479371 
545.669199763 -243.268089820 136.845245078 1.170221452 -0.397102009 2.242255934 
546.819674693 -246.439613976 134.957534426 1.956755981 -0.357335876 2.326623205 
548.204754649 -242.255282596 138.220758420 1.523152122 -0.002234048 0.223870122 
549.360484617 -244.738219601 138.882923452 2.086442769 0.694326354 1.667278192 
550.724211930 -245.073182226 137.878794299 0.238664121 0.244818858 1.371393876 
552.283418325 -245.103394649 138.625967744 0.601564420 -0.710789280 1.687618017 
553.851081396 -247.028078454 139.980868004 1.094002939 -0.454170007 0.388963126 
555.026717652 -247.091078603 139.862614796 0.091903967 0.004789295 0.673413766 
556.061591855 -248.790216672 139.694719709 1.328192359 0.249808519 0.267784278 
557.301937538 -248.964722744 140.387517091 1.039866286 -0.422242244 0.751723557 
558.356901082 -248.451185644 141.261074792 0.143595217 -0.032928348 0.824213211 
559.878741291 -250.546601790 143.621484248 0.683741115 -0.557520710 2.063496044 
560.914647886 -248.448071409 142.786691690 1.571354549 0.195757668 1.427478563 
562.388919685 -251.829757420 142.551929714 1.086643033 -0.195729072 0.365716309 
564.180550156 -251.770916016 141.144095622 0.115880192 0.271926828 1.436497092 
565.583919025 -250.285280439 145.142200020 1.406378490 1.047418608 1.383250991 
567.144556222 -253.589838315 143.574431639 0.555349762 -0.244434665 1.339788124 
568.597963829 -254.153093245 143.538409801 0.567878723 0.144951444 0.374558288 
570.528496441 -254.477050131 144.429134959 0.721070629 0.579503994 1.532528454 
571.756519060 -255.876235211 145.846507038 0.454817394 -0.494704536 1.418122127 
573.733783230 -256.185278933 145.741385152 0.185514469 0.154886771 1.623254045 
575.391346643 -256.480025282 146.891649137 1.244392418 0.601079139 2.481633423 
576.695360412 -252.878874563 145.364518131 2.017019295 -0.188179528 0.329742952 
577.918671424 -259.621572542 147.229080285 1.253136947 -0.827001954 0.703625180 
579.858522585 -259.290610171 148.544529942 0.436232191 0.153501683 0.911314237 
581.046165979 -260.103558362 147.227125983 0.577408515 0.293492098 0.370325719 
582.863972661 -261.236837888 147.526928240 1.190131870 -0.345808329 0.309608529 
584.469296888 -261.976434185 147.569361479 0.250400714 0.326977684 0.753776945 
585.595876352 -262.126859374 148.710823773 1.794704105 -0.490929986 0.302713698 
587.246544448 -263.032509873 148.625542180 0.135622255 -0.112103383 1.011844028 
588.423349693 -263.440519329 148.861602126 0.313743723 -0.336516811 0.880697319 
589.480369571 -264.196940391 150.188582842 1.239856940 -0.595658478 0.690943548 
591.307157157 -264.778321218 150.268973532 0.808722864 -0.453631088 0.586220848 
592.575536909 -266.883083705 150.794320036 1.002132830 -0.269926040 0.269645225 
594.569197832 -267.612617698 151.062879440 0.449910131 -0.056770012 1.065550581 
595.906897603 -270.048919138 152.678498206 2.524075607 -0.791816955 0.621721161 
597.629097644 -266.763231119 152.336717378 1.568706843 0.333593427 0.379234649 
598.909031223 -269.109625861 151.986689173 0.509506132 0.427674649 0.802425447 
600.823302082 -268.433474999 152.028551823 1.124392733 -0.119492630 0.941930028 
602.411769356 -268.689232727 154.923119861 0.886496439 -0.190203252 2.128078773 
604.049681098 -270.878891992 155.756117480 0.145855552 0.058401438 0.883970484 
605.351271620 -272.337700964 153.826161985 0.821368457 0.156242176 1.249927669 
607.340393888 -271.971737287 153.130242790 0.743961430 -0.176824727 1.856905845 
608.600568990 -272.786419323 155.296670069 1.128578615 0.500816202 0.328817301 
609.751669648 -273.361252237 154.810037792 1.471455055 -0.961640608 1.004120474 
611.558473504 -275.056388043 155.809269476 0.103875933 0.116352639 0.983818245 
613.380725260 -276.997944817 158.262947804 1.957230095 0.490643407 2.365140125 
614.541794247 -276.601187242 157.164302236 0.212122585 -0.430052949 1.289106445 
615.794861702 -275.184208633 157.404791039 1.661045633 0.225782106 0.411913592 
616.880840592 -277.814005808 157.813968566 1.606350331 -0.249178974 0.346384631 
618.755446690 -278.314048063 157.664067846 1.221602310 -1.015240046 1.049399015 
619.811038868 -280.219299255 159.003172132 1.334859155 -0.495708356 1.298709654 
621.377378766 -279.615022127 158.351499970 1.257028969 0.493267624 0.586325012 
622.641306881 -280.612582444 156.890377524 0.288465828 0.517755818 2.575274277 
624.459586540 -280.099834230 158.523551128 1.785379972 -1.107339587 1.060027205 
626.358855690 -283.324140269 159.139168824 1.031440204 0.000813326 1.580813188 
627.787428412 -281.747268494 159.280015541 1.397701304 0.223618434 1.499077702 
629.323826919 -285.105083840 156.497547294 0.415629303 0.616161189 2.016341633 
630.330415085 -284.410679071 162.241629548 1.332667025 0.282441878 0.944800812 
631.416126274 -284.576109620 162.462053069 1.195540355 0.174354102 1.126296381 
632.472052358 -286.602989371 164.530128963 0.950780304 -0.351426851 2.083755558 
634.131225715 -284.053848877 160.998255689 2.443355781 -1.293985868 0.761306748 
635.779753359 -286.402280327 162.995126644 0.751841528 0.388044038 0.736766767 
637.105189805 -286.995486567 164.928398932 0.966338229 0.102012979 1.197405394 
638.987755320 -289.870660103 162.896232033 1.149779110 -0.517604529 1.593019221 
640.250255121 -288.981316706 164.042584353 0.390247208 0.574810791 1.188346422 
641.625265228 -291.082186853 164.476697268 0.649513519 -0.144680954 0.768154908 
642.658240425 -291.179531178 165.779298532 0.592147950 -0.741184031 1.835788562 
644.454901478 -289.349101097 163.324424993 0.962149052 -0.628610875 0.582807964 
646.231560897 -292.602838981 165.249270886 1.436056381 -0.215334524 0.249824403 
647.805541947 -292.983187571 166.216559637 0.896081905 -0.123903916 0.214492914 
649.250571567 -294.156866997 166.707153279 1.343457530 0.689043996 0.789959686 
650.924183978 -292.656115491 167.297538500 1.507920431 0.297188528 1.621047865 
652.148889049 -294.761428260 168.787411943 0.973156695 -0.518736334 1.469455205 
653.775397219 -295.492109981 168.963344276 0.509741926 0.051981599 1.463069684 
655.536711808 -299.428652211 170.223339895 1.356361677 -0.980199025 1.202531795 
656.673710131 -296.114862101 168.507568399 1.162438712 -0.022367461 0.825006022 
658.106335824 -298.685170083 168.492260363 1.152242725 -0.586753228 2.458451134 
659.790594718 -299.958561270 167.180297346 0.515835931 0.273154721 0.918241814 
661.754665994 -302.408770115 170.075495611 2.580787123 -0.456618695 0.370297139 
663.172891450 -300.591023926 169.304661976 1.247053894 -0.553841744 1.854365307 
664.761756013 -301.163937405 171.144484786 1.584990460 -1.200466120 2.516546326 
666.089975799 -302.316691454 173.397773318 1.001455035 -0.423216976 2.337498696 
667.909813403 -300.965845892 170.971781884 1.133241541 -0.215142981 1.093848905 
669.612949759 -304.444162028 171.771660062 1.227674639 0.973276579 1.067472326 
670.984274239 -305.359986984 172.647619963 1.357214111 0.111458249 0.856655756 
672.236426361 -305.479069958 173.991193623 0.475373472 0.087105179 1.943256086 
673.469269974 -307.086228472 174.393503617 1.004268633 -0.290747642 2.532762698 
674.976898015 -307.442449876 174.012811589 1.098914661 -0.405799377 0.213659640 
676.700001675 -306.604170808 172.410378558 0.422568866 -0.529181768 1.407580478 
678.188766083 -310.181168708 175.774010589 1.395979061 -0.460562084 1.095731860 
679.437866764 -308.217457314 173.014426195 0.411609760 -0.483650254 1.507933922 
681.283737521 -308.577891338 175.754587432 1.044595502 0.342543932 1.946024748 
682.467401372 -310.169318418 175.484085841 0.430083301 -0.008428778 0.331930838 
683.966471090 -309.361077190 175.766592866 2.659239352 -0.715706913 0.962422827 
685.022706367 -312.086366989 175.912446236 1.577169457 0.479448487 0.701958034 
686.900847303 -312.902650654 176.065824064 0.970536305 0.007112166 1.797408179 
688.793568977 -314.041495243 176.942364116 0.933630463 -0.556156620 0.893380426 
690.558509125 -314.397943777 179.138025642 0.251392338 -0.394812154 1.649558361 
691.668790733 -315.515798348 178.617992325 1.176824198 -0.454788407 0.261781055 
693.075948559 -315.570098704 178.936556594 0.043291125 -0.093710482 2.263775092 
694.929082072 -316.401375221 178.322938330 0.106204085 -0.163259447 1.136741706 
696.903110729 -314.811432431 181.246176884 1.239891990 0.686630881 0.669876730 
698.719208686 -318.277590257 180.189334388 0.739904760 -0.341232594 1.269083146 
700.592017098 -320.282287498 179.068272082 0.597844371 0.376130926 1.915942622 
701.747696160 -318.620007520 180.925424185 3.138422063 -0.240863512 0.045212335 
703.698613537 -325.180640555 182.406658403 1.577598560 -0.395287661 1.061641330 
705.519945504 -319.486892173 181.471313478 1.517991785 -0.175229092 1.254307137 
706.877651544 -322.968967363 183.582822769 0.648278397 -0.614817354 0.909719225 
708.693141307 -324.795458089 180.073572039 0.655262019 0.796443905 1.799108743 
710.405786812 -325.340987068 183.535109714 1.277540777 0.109596354 0.588664353 
712.147724464 -327.042614882 184.984478121 2.334782149 -0.580753759 0.402999990 
713.997618416 -324.655316329 183.473557708 1.586499906 -0.815613699 1.372226421 
715.520120124 -326.581898107 184.300089608 0.698069350 -0.518011350 1.440829805 
716.754631903 -327.300988483 185.565551806 1.484954315 -1.323106570 1.314296322 
717.971092739 -326.591809004 188.388474647 0.316813120 0.609440477 1.396291649 
719.788920945 -328.637201297 185.060777614 1.281600216 0.128755496 0.407175561 
720.940670824 -330.247712680 188.171117945 1.743901372 -0.900494617 1.236779777 
722.799486262 -329.656412858 187.323912997 2.394048821 0.726887992 0.389894933 
724.134134514 -330.434517421 187.348163511 0.442343803 -0.132613171 0.084282825 
726.122342378 -332.012936633 187.883241981 0.872328368 0.297033745 0.116512539 
727.856520677 -333.414776894 186.620494539 0.524551792 0.477445839 1.700406011 
729.083523460 -333.490000789 188.146902160 0.683228268 0.211932047 0.305167372 
730.925502015 -336.460169891 189.384404156 1.094844690 0.204794050 1.093403745 
732.299232293 -335.387224279 193.232105112 1.505511455 -0.577580146 2.321025296 
733.799895916 -335.910816811 189.955763649 0.644475386 0.852264602 1.707266095 
735.252587572 -335.913285057 190.299537336 1.341383153 0.352242155 1.098659950 
737.038479858 -337.033515317 191.042926020 1.063082556 -0.200003751 0.068983050 
738.052172129 -337.665812038 190.871254310 0.559673160 -0.838946909 1.732876381 
739.280734201 -338.782758456 190.950029555 1.575376309 0.794264916 2.064184719 
741.230209047 -338.938082349 194.638669011 0.490545881 0.148833119 1.402610067 
742.816805276 -340.350855031 192.519662480 0.892447664 0.053786009 0.267353529 
743.973241708 -341.744973892 193.593724720 0.978633738 -0.991709478 2.749232563 
745.879686162 -342.156151936 193.781967460 1.762104266 -0.590571133 1.294330727 
747.407092434 -342.162624615 191.880528049 0.381126288 -0.243045621 2.162879970 
748.670877118 -339.769800969 195.303732918 1.628736655 0.378358568 0.297210903 
750.152181841 -343.702047478 194.681926793 0.908998639 -0.067876171 0.198656180 
751.801861168 -345.633002643 194.962572412 1.709408417 0.827118369 1.400000754 
753.739396330 -345.403377580 195.635540048 1.347428915 0.759963298 1.527339177 
755.135105105 -346.873646684 195.846126464 2.385378261 -0.602689052 0.712298875 
756.574157387 -347.064282424 196.487719176 1.438781679 -0.478371177 0.237996289 
758.217030932 -349.076933442 196.562062599 1.391174862 -0.867352435 1.223592282 
759.713073040 -347.713869942 197.932766874 1.020946567 0.621771805 0.597786472 
760.872523022 -345.396452452 201.186430399 1.352199187 1.249444537 1.199083414 
762.107418856 -351.042579344 198.700090139 1.548713880 -0.461004559 1.240040430 
763.967813310 -350.273952289 198.427398032 0.751047129 -0.711808051 1.443708884 
765.497135192 -349.558931470 197.641576898 1.031654705 0.020505994 1.227283901 
766.736763923 -352.343675594 199.468749053 1.375427686 -0.673385098 0.490300649 
768.322539561 -352.811657035 199.705749387 0.499669272 -0.077463258 0.411202758 
769.357738993 -353.399305399 200.055359336 2.097274592 0.717033047 0.663451931 
771.224018655 -355.560068377 200.932288091 2.472307551 -0.730359411 0.703978010 
772.673213264 -352.508645661 200.926958597 2.541239461 0.492192228 0.617899456 
774.213959810 -354.865996202 200.447238602 1.196309231 -0.581892862 0.915194666 
775.259597863 -356.505490906 202.578686628 1.225068476 0.099188664 0.513279198 
776.776334148 -356.521315270 202.071254429 0.999474859 -0.269085389 0.544342196 
778.434301450 -357.937310588 202.944573305 2.142094853 -0.779280559 1.053389843 
779.847691590 -360.049259228 202.577383121 2.056825702 0.497022747 0.995971984 
781.199073893 -359.940040201 203.198490034 1.121315067 0.513853532 1.523422334 
782.212174430 -359.053700410 201.857384992 0.335707406 -0.450920939 2.330231117 
783.426414428 -361.767057380 207.001886384 0.795198603 -1.096030457 2.471105488 
784.817252688 -361.527141172 203.013397341 1.014162088 0.577361849 1.608252483 
786.537876516 -362.141324482 205.550807151 0.870507291 -1.301987497 2.073616607 
788.275510218 -362.982246323 204.296640050 1.582188133 0.091353870 1.699226742 
789.963759374 -362.116890529 208.059809513 0.900552013 0.648899627 1.621363979 
791.590697591 -362.621533399 207.504020610 0.904833527 0.261999776 0.613142117 
793.084256922 -364.650596526 206.755740646 1.219785894 0.286144777 0.331124246 
794.931965970 -364.871222285 207.326828381 1.729106227 -0.267041091 0.855913607 
796.354474908 -365.705472775 208.555480255 1.268745332 0.635780466 1.284339936 
797.533618104 -366.474850535 208.608210074 0.923685775 0.821286219 1.608011183 
799.493874057 -367.965840378 208.824783659 0.256006171 -0.002593262 0.260886298 
801.274926226 -368.259641493 208.135724498 0.766269696 -0.232529336 0.455570224 
803.201755208 -372.192364478 209.203135594 1.874225698 -0.799808429 1.289740829 
804.664284924 -371.868249241 209.804121851 1.459759362 -0.040304531 0.617034260 
806.613586102 -368.498540205 211.336963766 1.970308668 0.370489338 0.600178383 
807.637559215 -372.158996217 212.554940537 2.213045533 -0.189787067 2.146819257 
808.968841053 -373.352834330 213.245011945 0.158405756 -0.452110415 2.488572286 
810.707504133 -373.076661537 212.094489232 0.534261304 0.393831967 0.348977021 
812.062667553 -374.973579944 211.952819362 1.953180013 0.281369742 0.218166578 
813.732879230 -375.963977941 212.040472756 0.665381060 0.176782765 0.660492676 
814.985483982 -376.366038247 210.794851386 0.217975544 0.148156945 1.298565356 
816.647074102 -376.800558119 214.394192032 1.445238398 -0.779777428 1.256402345 
817.695380405 -380.874486537 212.195316820 2.059097744 1.131261127 1.220195005 
819.506161596 -379.309336060 214.649547247 1.259811231 0.455682826 1.414876241 
821.137759129 -377.792321503 215.825164457 1.848374913 -0.271914562 1.802949728 
822.303101711 -379.445011240 214.844879992 1.795307671 0.260968634 2.381309871 
823.934988924 -380.087115241 216.804122358 2.163659541 0.270045028 0.790832228 
824.972460909 -381.496617414 215.804228778 1.633616687 0.461383319 0.764425261 
826.714753747 -381.785952839 215.688500491 1.161103436 0.122783329 1.259246430 
828.495578425 -381.725243069 216.554971646 1.190345995 0.625744744 2.387097372 
830.369688153 -381.919700259 215.305267854 0.910074832 -0.576669483 0.896959088 
832.326756917 -387.175474425 215.667778638 1.736443216 1.404479904 1.276348562 
833.830050011 -385.607209825 220.080131726 1.200829184 -0.435938796 1.319338148 
834.913857660 -386.344059295 219.081309256 0.468804222 -0.120617660 2.344162866 
836.551194427 -388.237910813 219.919371195 1.605923401 -0.821726416 1.231533422 
838.087898099 -386.028900181 221.017650218 0.828131963 0.198592049 1.083214361 
840.024977371 -388.873392735 219.219672964 0.318410530 0.044079301 1.365020858 
841.814581408 -388.738234651 220.925599908 0.738360491 0.258878939 0.359638391 
843.542511071 -390.353882356 220.480688406 0.689717073 0.028081314 0.633295551 
845.072629265 -390.568883582 220.969107288 1.419300069 0.434320887 1.571533227 
846.591504361 -392.614987579 221.207746224 1.678248047 0.022059337 0.409979484 
847.864891913 -390.625205746 222.067715815 1.139960262 0.013920127 1.499644118 
849.354191783 -394.538995414 220.436134928 1.226283657 0.873665465 1.022283494 
850.873602186 -393.132272035 223.892139242 0.581205765 0.134597400 0.686338490 
852.634156424 -393.907047038 223.794916091 1.342586052 -0.315557785 1.341653925 
854.493125590 -394.759666739 223.010208031 0.535777490 -0.281771983 0.717929778 
856.347550236 -395.077055598 224.084594478 0.939874854 -0.171551190 0.778579410 
858.342760736 -397.216784110 224.859010867 1.200538409 0.262359668 1.450257635 
859.476427075 -398.935773655 226.234377572 1.122618066 -1.153575391 1.289703018 
861.241671915 -398.157348514 222.805056884 0.831898262 0.027693850 1.902771067 
862.687301659 -400.113745642 226.967426020 0.746580662 -0.323328505 0.601380160 
864.500582776 -400.750499147 227.569787058 0.637455701 -0.164005309 0.785219403 
866.112169181 -402.124098370 226.762004073 0.899403062 -0.115622087 0.553407968 
867.586091915 -404.219010598 227.923877749 2.230283992 -0.262006035 0.403192046 
869.553711062 -402.102930282 228.802980712 1.293936424 1.008593204 1.189721728 
870.815649675 -403.268187720 227.024200319 1.676963424 -0.053778680 1.272000305 
872.569529714 -404.916558075 228.739435823 0.339656705 -0.034776025 0.892452758 
873.836642950 -402.570644515 227.401531990 2.390210157 -1.568678340 1.516106216 
875.727103602 -403.904382244 230.640554994 1.249719213 0.357039388 0.348969539 
876.754646217 -405.486351092 229.826678062 2.741490787 -0.525781098 0.232821304 
878.512930398 -406.182577309 229.585833823 1.581677800 -0.263440398 1.173719797 
880.369067893 -406.301882502 231.637018163 1.358718511 0.390333027 0.646460858 
882.134762922 -408.868278123 230.709410227 0.268243458 -0.405106133 1.167667332 
883.590611670 -410.754640266 231.096396672 0.951621506 -0.198049456 2.276391654 
885.399178341 -411.464787348 232.507503213 2.288923521 -0.264530680 0.607096189 
886.830813698 -413.499931515 233.890707581 1.956596286 0.767499919 1.331852422 
888.499504755 -412.192065594 233.734972747 0.677006625 0.510146919 0.719734311 
890.255167318 -416.058178342 234.298369104 1.567322244 -0.241052132 0.172503145 
891.602926282 -411.059389912 233.898584190 1.649881248 -0.113526027 0.221721899 
893.602435703 -419.778383846 232.924928199 1.906393364 0.578719269 0.624331217 
894.871522523 -419.309495848 234.289940856 2.104778818 0.139242925 1.737051691 
896.180757649 -416.159021407 234.773459817 0.885028062 0.289129687 1.433358225 
897.330645387 -415.303426552 235.675224884 2.297704467 0.748534402 2.553201265 
899.111552206 -416.880258524 234.905223307 0.680965681 -0.675944083 2.099989901 
900.969770553 -418.717445719 236.359959623 1.710212062 0.451510858 1.127376242 
902.018549015 -419.372037233 238.585363784 1.077111115 -0.365402864 0.789948055 
903.438462530 -419.985625971 237.137031905 0.159670639 0.079938684 1.184818734 
905.077462744 -419.945716524 234.895058166 0.092998119 -0.480302000 2.562104207 
906.660646793 -421.955292514 238.831210466 0.559076544 -0.241495500 0.252363607 
908.131202862 -422.752323598 239.970699717 0.367193464 -0.517967990 1.257041835 
909.805541983 -424.687872021 238.886240519 2.115743352 1.047956648 1.261439696 
911.526805455 -422.413003095 240.798616853 2.120658917 0.645169134 0.800157143 
912.681784219 -420.063286460 241.577875665 2.111167777 -0.114597690 1.537867306 
914.283817437 -427.027596309 241.543039134 1.062029575 -0.511861970 0.523589694 
915.473141829 -426.236321176 240.288831159 0.799633783 -0.389840670 1.106671257 
917.270761778 -427.439747403 242.252757566 0.687356966 -0.671383489 1.807220381 
918.315343667 -425.312456505 241.681582511 1.022176113 -0.129228598 0.103137662 
919.618905542 -426.305391289 242.869992306 1.175332569 0.343727641 0.368426317 
921.459085080 -428.661373078 243.030312213 1.688882306 0.603631847 1.459864360 
922.872379131 -427.818979988 243.467235553 2.674599194 0.599646492 1.309858972 
924.080431141 -429.920794986 243.532772686 0.470257573 0.514801212 0.792736358 
925.964381784 -431.369028036 245.479872373 1.597912995 -0.044866379 0.989096926 
927.084186976 -431.637665513 244.206784523 0.068251381 0.161187900 0.472849462 
929.055439286 -432.993863111 245.214452534 0.416723481 -0.581420938 1.461444714 
930.217965191 -432.972551100 244.778870197 0.452816957 -0.009699505 0.301906321 
931.831711990 -436.663269383 246.303913374 1.817290373 -0.234534993 0.636854486 
932.953677097 -436.494408735 246.827329172 2.857273354 -0.444407905 1.268233040 
934.459795720 -439.812828717 248.300919746 1.459826662 -0.317563435 2.126395005 
936.020156501 -435.656632559 246.463534152 0.496900803 -0.103160143 0.210275322 
937.225139476 -437.910049939 244.823970730 1.180806312 -0.057552796 2.673442310 
938.327011550 -438.994369345 247.059268760 2.137138573 0.026518848 1.047097508 
939.958633975 -436.886152989 249.276336845 0.777979135 0.558393377 0.791917110 
941.078932241 -435.721193544 251.197540123 1.629985072 1.699655960 1.958781374 
942.782575974 -440.243861369 249.403842833 1.335695344 0.214754086 0.939441246 
944.013673389 -438.434693831 250.731745950 1.175630192 1.051002335 1.392582557 
945.772357847 -440.599960978 249.165147629 1.531085680 0.343772071 0.455641447 
947.164131767 -441.466695759 249.788418632 0.576668072 -0.054472215 0.699034178 
