32.400850633 -4.741463198 -27.166172529 1.213241729 -0.448345849 1.247298599 
34.012784096 -4.814385522 -27.630008094 0.058691549 -0.175695299 1.489826911 
35.482903744 -5.408264827 -24.874317394 0.725949695 -0.375415357 1.286843155 
37.172862852 -5.249199310 -22.002431672 0.493057043 -0.625178825 1.485400289 
38.871645483 -4.293076745 -20.508927057 0.963622103 -0.459435161 2.254680214 
40.191331270 -3.549155538 -20.394730392 0.272716629 -0.366358727 2.202216369 
41.572700352 -6.078270549 -21.832870838 2.157750393 0.387886657 0.318848257 
43.319405356 -2.621799505 -19.687359116 1.216236153 0.057029226 0.368986293 
44.811111714 -4.242882585 -22.093635518 1.637649938 0.740288206 1.445842355 
45.881423404 1.422954966 -19.626174877 3.134624518 -0.794914157 0.455780184 
47.092726771 0.337096182 -18.745648186 0.941445994 -0.198409778 0.301615240 
48.324648903 -1.357303908 -17.032220512 0.685580415 -0.133166718 1.610916469 
49.704468629 -0.873035024 -19.328918636 1.749000545 0.029015204 1.889958261 
50.846062898 -0.343856418 -15.420979129 1.745708438 0.631262184 0.432100427 
52.192628880 -1.668161846 -15.890582930 1.245230111 0.655121446 0.902626639 
53.386838844 -0.452281096 -16.688350403 0.751226528 0.776319639 2.222352689 
55.360096408 2.185762475 -12.477679684 0.915460932 0.298855834 1.210529234 
57.091942013 0.981779587 -13.325495360 1.330233776 -0.231768315 1.458465542 
59.023671213 1.366838050 -10.721541163 2.202701901 0.808278030 0.790896096 
60.346537179 2.615877280 -11.002191314 0.802861480 0.164585874 0.692997783 
61.684221737 3.916171211 -8.800928742 0.770928139 0.367320204 0.417102829 
63.400917177 3.371140805 -8.424583506 0.234410144 -0.018852353 2.158120378 
65.333582330 3.642138432 -7.311208020 0.203598740 0.010961472 1.345416791 
67.322136933 2.719078710 -3.905363104 0.591944815 -0.747960208 1.001243515 
69.067148359 4.260398197 -5.855989743 0.582235971 0.446003914 0.905969238 
70.942545428 5.251711614 -5.005286704 1.076825767 0.385593817 1.015386829 
72.194633230 6.700571930 -3.605026139 2.089828879 0.284866362 0.850569167 
73.307767176 6.130464700 -3.123860316 1.015400805 -0.294507346 1.885943291 
74.744183690 6.285833202 -1.388887770 1.276335933 -0.123309764 0.806870137 
76.344954692 7.979215212 -1.662841150 1.058869944 -0.646525966 0.653606022 
77.554188832 9.998955756 1.307079257 1.452054203 0.506783148 0.278993875 
79.267890648 8.107082606 1.432341403 1.287284363 -0.567193755 0.938587605 
80.523723081 8.707300538 0.144224376 1.228053033 -0.754814326 1.327254869 
81.757128149 13.258077599 2.811481681 2.461413832 0.209485875 1.390293147 
83.073902175 7.828746857 1.926426719 0.563296271 0.514520547 2.074850525 
84.912164469 9.318741918 3.497674478 0.724799910 0.111578948 1.089974577 
86.374737003 9.017926165 4.985509352 0.711284715 -0.036014552 1.401357863 
87.663535939 9.509532307 5.830974194 0.864203909 0.890066222 2.288522799 
89.294590190 9.460381304 6.596606686 0.615286054 0.254762145 0.287000475 
90.356369534 12.116354284 8.084234162 1.017339032 0.375978103 0.927381065 
92.257724170 9.791306642 8.114931799 1.186709616 0.462795498 0.609321437 
94.087154265 10.585031633 10.886082090 1.521418467 -1.000609649 0.971490064 
95.118637736 13.007425017 11.068339558 2.120883170 0.448187082 0.200817248 
96.150407333 11.779788558 12.036980287 1.575516781 -0.248375046 1.539259064 
97.568271597 12.836714975 13.372366430 0.596335543 0.772342652 2.054037136 
99.513308910 13.207434955 13.306117252 0.311390598 0.257440624 0.383952400 
100.732060024 14.270598589 14.572343259 2.167069425 -0.444459201 1.816443671 
102.479742816 14.078255844 15.620704984 0.332828692 -0.314321430 0.796597916 
103.749004023 15.207102142 15.682949391 1.010948171 -0.410755285 0.391444502 
105.056659589 14.491682091 17.781200554 0.237738642 -0.472512625 1.726606167 
106.753524365 16.670747662 18.781852178 2.338775850 0.197410676 1.828175629 
108.669010252 14.043269071 17.891741681 1.410329949 -0.132563545 1.049152110 
109.685665924 16.150945581 18.785033355 0.911617171 0.755943757 1.757631726 
110.853121602 16.349344144 16.889638603 1.457876770 -0.605794214 2.698335674 
112.604788047 18.093869974 21.724535164 1.088667009 0.425441266 0.350841930 
113.632654505 18.338370820 20.288789301 0.844045694 -0.829257098 1.228935951 
114.810744137 15.382577205 22.651654298 1.279881392 -0.098800241 0.102760792 
116.623608078 18.178153686 24.886577223 0.727439438 0.177442534 0.694127631 
118.021055265 19.528462676 24.960096646 1.500032308 0.141220435 1.633595171 
120.011612669 18.310070219 26.267709321 0.988640762 -0.688574076 0.678790334 
121.752067950 19.871253912 26.768269044 0.613669693 -0.238123490 1.063079019 
122.875199101 19.273570875 22.685733082 1.148992660 -0.027200351 2.201043339 
124.723029545 20.563256232 28.453511451 1.142981827 0.336080706 0.412753212 
126.663946616 20.402649725 28.242955515 0.295365779 0.650665610 1.842384750 
128.576596965 22.502416497 31.206045002 1.294731972 0.523470047 1.070193449 
129.591983015 23.023764137 32.776076488 1.271876024 0.767462533 0.992697762 
130.592156954 22.752917912 31.894795196 0.493881871 0.224516853 2.187513874 
132.286237744 23.058971879 33.560271669 1.006398495 0.004350683 0.863106879 
133.287831727 22.832498728 33.794802322 1.723454939 1.019955788 1.935299442 
134.446634073 24.095345639 33.465729132 0.732734464 0.254390583 1.853195891 
135.731907035 26.106263525 35.146819921 0.959394874 -0.028497673 0.626841194 
137.313597531 24.417974477 34.592573509 0.617645396 0.157074677 1.587709449 
138.737662445 25.051340731 38.845663554 1.411584284 -0.187466234 1.044973531 
140.627709582 24.773259517 38.374106814 0.235159600 -0.229859630 1.144525012 
142.006201939 24.321870651 38.798298437 1.547780635 0.185383268 0.168178878 
143.701046217 26.549756041 39.043813706 0.808623559 -0.036330442 1.061251973 
144.732338108 25.767986887 44.082704001 0.651335381 0.041301998 1.726585747 
145.915825105 26.474406161 41.233585624 0.678787266 -0.096024317 0.165341162 
146.943722461 24.947005447 40.408897969 1.847823406 1.421569859 1.269035550 
148.549492231 26.706532302 40.996334774 0.119125131 0.163653807 1.236968523 
149.577964580 26.899858349 43.957914867 0.526836261 -0.315786445 1.053726884 
151.069337542 27.545514709 43.379379812 0.951059656 0.152388955 1.588515493 
152.127873657 28.384216418 45.431939917 1.291496271 -0.174601043 0.616540856 
153.900010451 29.215196631 46.095708649 0.412480987 0.063679870 2.816073582 
155.364944979 28.936547022 46.061891271 0.138498439 0.005956834 1.104107672 
157.009449699 25.968367354 49.461746016 1.705174749 -0.297549889 0.732236287 
158.839215105 30.475637093 46.836218252 0.592984680 -0.259935717 2.000785855 
160.428595165 31.569102720 51.178773506 1.331624053 -0.062940699 1.329471328 
162.083253724 30.304869290 53.277921676 0.188883043 -0.089543446 1.547585174 
163.395180046 31.222528678 51.953479331 0.434140878 -0.657561183 1.562085347 
165.219674465 32.335896479 51.729720817 1.108406840 0.113855566 1.848851946 
166.432237325 31.624456405 54.595137032 1.445916034 0.895043825 2.038150053 
167.807740387 32.140940493 55.061845697 0.990471558 0.393469788 1.249541775 
169.193116220 33.415367690 54.904490959 0.538067953 -0.039626126 1.152959729 
170.728769848 32.837632014 55.838107599 1.836439905 -0.314274725 0.306909905 
171.755431930 36.019186703 56.483829559 1.554503314 -0.534223244 0.971646239 
173.257613962 36.958952370 57.471414187 2.052229969 0.000763242 0.306872244 
175.091820968 34.129727811 58.187982280 0.465620451 0.665938645 1.030402228 
176.412902010 34.562970466 59.195860150 0.805898995 0.244277850 1.031200588 
178.117236358 35.013823244 61.682886199 0.181911273 -0.380689230 1.836796058 
179.794063234 36.226773398 62.035574295 2.307034954 0.156269836 1.939474287 
181.767775307 38.092943645 62.779483971 1.503121465 -0.907322646 1.888419088 
183.586372230 38.499161263 60.801492407 0.622298196 -0.419257582 1.858912388 
185.540646272 37.227221459 65.126985792 0.447411349 -0.219276457 0.846511393 
186.637988988 36.768609143 63.629944690 1.592903644 0.599192666 1.832687584 
188.354121715 36.262382589 64.050596708 0.693378189 0.696665493 1.014885578 
190.257442067 40.622358212 66.669923458 1.768450706 0.289455227 1.484113134 
191.778491854 39.615915366 68.640544504 0.727874781 -0.291601220 0.258572493 
193.765981777 38.697336369 72.603081114 1.665865282 0.024515577 1.977172840 
195.489021636 39.234961797 72.507504430 1.114776241 -0.765376614 1.820048314 
196.986491444 40.827872696 70.519332977 1.133571886 -0.589871177 2.140155029 
198.009614437 42.373094548 71.746252982 1.421816761 -0.528900777 0.350635568 
199.960648098 39.042424055 77.237701874 0.713407894 -0.880528988 1.885687239 
200.981686707 44.684002513 76.494375354 1.581975629 0.972654879 0.922400009 
202.140579490 44.608297313 75.876705108 1.888948241 0.360227205 0.418573026 
203.992942451 43.310108147 73.687633080 0.241534861 -0.757878187 2.407393170 
205.640834958 44.407977416 75.385407176 1.086007815 -0.252804357 1.544651949 
206.669919221 45.227851747 74.993076446 1.106741091 -0.580086938 1.110952983 
208.468255475 44.851168285 79.337669047 1.649048009 0.299924233 0.995952162 
209.498583546 44.801314825 81.614362817 2.413355653 0.862281896 1.072179635 
210.965502309 45.038405414 79.939880476 1.701308889 0.070984290 0.322860622 
212.795378058 44.492224948 83.670489430 0.170900325 -0.211794202 1.418675294 
213.895126341 45.736205347 84.795907302 0.155419489 0.282413165 1.943506074 
215.177302012 44.533078609 80.666950540 0.673219293 0.244737826 1.326286286 
216.986713341 45.704715608 83.688280540 0.895469810 0.252398995 0.146176107 
217.999155759 44.901228348 82.278677411 1.038208283 1.277090256 2.238539352 
219.882236616 48.623059600 85.522009773 1.591716432 -0.265561371 1.023845774 
221.401154650 46.109000299 88.314936904 1.380857607 -0.412948639 1.220534057 
222.636409186 47.327919612 87.060036566 1.070733895 0.390065791 2.115117320 
223.647603182 48.324288216 87.755909612 1.476741965 -0.668873127 1.430707951 
225.158442259 48.577786765 89.196514322 1.601421846 0.643727224 1.296177861 
226.208462945 49.009039778 89.710480298 1.719285813 0.018524652 0.652454311 
227.272413681 50.524484385 90.882618961 2.251806743 -0.147880988 1.300067138 
228.467836202 51.307291090 90.920909651 1.463055994 -0.752137954 1.663218618 
229.509671857 50.422476080 92.346056710 1.430966096 1.171973612 1.787707036 
231.228699763 51.433413383 95.658930216 0.587560933 1.119597174 2.604516271 
232.814069446 50.110103012 94.019289996 0.876418468 -0.152327039 1.082506718 
234.790260533 50.182243393 95.923111513 2.137562206 -0.435303597 0.929416695 
236.572043240 50.669960006 94.665805983 0.890165876 0.552407964 0.700282343 
238.288477613 52.330631920 95.615036666 0.521952786 0.371372441 1.787319740 
239.328914429 53.176836431 102.137657940 0.856510942 0.224941108 2.415860343 
240.527436771 53.931996240 97.624734017 1.426549818 0.814363662 1.301302030 
241.774005531 50.012357307 101.173817495 1.240326762 -0.903755213 0.844512293 
243.183284891 52.020030389 95.733997186 0.543582824 0.531104633 2.277069307 
245.087211306 54.326121289 101.672348442 0.648866835 0.413758099 1.752448313 
246.592405178 51.773754151 98.064425392 1.907284789 0.008360207 3.016176931 
247.917276963 55.969101468 102.465011946 1.131740396 0.196092120 1.047941478 
249.433947300 55.476574091 103.786574545 2.457775701 -1.668300158 1.987879792 
250.818612518 56.809215836 103.637469458 1.135416529 -0.494031692 0.520161761 
252.636879685 56.031939870 106.035956989 1.852821248 -0.713078807 0.851529244 
254.521778547 55.709143416 106.583237902 1.091828372 -0.031847588 0.235445064 
256.172487865 56.774953466 107.570505856 0.618091620 -0.061162716 0.218670910 
257.266998786 55.355166611 110.956581006 1.560496565 -1.402890884 2.003330578 
258.458487905 60.840131220 108.173940085 1.910599889 -0.039766673 0.374694104 
260.371373689 54.696714660 110.761608609 2.205721039 -0.107462055 1.275612856 
261.398152969 59.021235989 108.739029167 0.798058779 -0.399069158 1.847760837 
262.979149882 59.903654905 111.761596386 0.967033076 0.448264169 0.552159436 
264.301588521 61.076328416 114.072375958 0.709823068 0.478945345 1.268850555 
265.962288218 60.130757926 113.203508616 0.688488371 0.034832036 0.231875965 
267.505031174 59.067090629 113.852729198 2.567538092 0.830754074 0.710342033 
268.678810160 60.077869728 114.880429512 1.990824525 0.226373756 0.723637884 
269.784180717 60.487380840 116.083372906 0.696880300 -0.829358430 1.174932425 
270.841429899 62.990054748 116.634465703 3.170425540 0.119728305 0.660191690 
272.726784626 61.970896654 116.723557178 0.529787204 -0.157465910 1.586934918 
274.635739679 62.050654353 118.535408660 1.275927559 -0.881734105 0.907617097 
276.084655789 62.761939070 121.140986989 1.681381737 0.073358389 1.092475114 
277.941928324 63.059938604 120.459116678 2.599003499 -0.329877592 0.042064553 
279.606938314 62.922172703 118.870331180 0.256444873 0.785522609 2.516217447 
280.786707794 62.528873662 121.040298355 0.897044328 0.586766341 0.832348533 
282.353288608 64.239391351 124.287952195 0.290940786 0.126376118 1.946884877 
283.984387571 65.143232896 124.154180132 1.440324179 -0.026921383 0.112562155 
285.480422392 63.494046894 125.159605792 1.101474391 -0.243268611 0.309469217 
286.577649672 62.559188824 125.918663044 1.745605353 0.887433040 2.701540570 
288.232721861 66.582015372 126.673546856 1.166106926 -0.135993722 3.680646724 
289.879000900 61.926784558 130.696649491 2.632853611 -0.365300984 1.883314288 
291.074545229 65.966488083 127.779191562 1.248297540 0.853288139 1.162296696 
293.073765733 67.282340307 129.806199498 0.834011675 -0.085357976 1.648694953 
295.002020128 68.789266348 130.505518901 1.378069314 -0.466464664 0.553296917 
296.161793109 67.299252144 129.352482365 1.663908362 0.382280851 1.409676032 
297.904961469 68.762736915 132.489490822 0.466553086 -0.481601887 0.798422218 
299.530319104 69.706583985 133.429718898 1.409971636 -0.647501887 0.476705444 
300.738967637 69.975056148 133.824366100 1.196150967 -0.298219898 0.320430474 
301.750166102 68.655217431 133.520945030 0.578405618 0.399799300 0.836706265 
303.454935592 73.304867155 131.361498871 1.016447665 -0.445611147 1.940232659 
305.133892270 68.768345050 137.331132761 1.175944017 -0.265250409 0.626583477 
307.010854018 71.292308139 138.513656104 0.145963855 -0.085750963 0.501523334 
308.238550251 71.412525716 141.159793473 0.895984189 0.101381314 1.387192361 
309.500054913 72.114507482 138.588441590 0.383741307 -0.355056100 1.385470211 
310.811532662 72.733058057 139.710901850 0.860567135 0.182750856 0.631453406 
312.541347605 70.941848561 140.695708540 1.607683536 -0.434591863 2.443598232 
313.631094318 71.614296284 141.233677743 1.764792704 0.036822384 0.902456790 
314.944714453 73.782355310 142.367119679 1.797551229 0.868611642 0.609916856 
316.598888890 74.208953284 143.914044439 0.275704754 -0.060055792 1.030080866 
318.217807555 74.777403885 143.789634058 0.983958557 -0.513272114 1.097109006 
320.000966673 75.374950060 145.397263848 1.585832610 -1.320795787 1.121273264 
321.038453184 77.493750864 147.210981561 1.344551475 -0.054247931 0.366379070 
322.393052502 76.151660531 145.842518758 1.081641386 0.196289588 0.668583587 
324.154945239 78.181004243 148.135662130 1.354745521 0.044239130 0.810127603 
326.119642518 73.199565679 148.447945934 2.170485130 0.432980326 1.001545602 
327.330761992 77.091202267 152.036995795 0.642703720 -0.603423631 2.018901576 
329.075779796 77.481292930 150.769523374 0.139841452 0.284837109 0.889419122 
330.796892740 76.705884658 152.523814356 1.452959565 -0.167113598 0.585707636 
331.858320004 80.011501180 150.889767965 1.237340690 -0.214531832 0.870222395 
333.067100500 79.093691444 153.646169205 0.544106171 0.095560496 0.371200344 
334.428775004 78.058972719 154.513242360 1.253037824 -0.101678047 0.718310857 
336.206362518 79.289273092 154.780197719 0.243142341 0.284407665 0.904694880 
337.627375500 80.247418647 155.160444164 0.441506845 -0.232128897 1.004227093 
338.865545538 80.076334606 158.291417565 0.210226079 -0.356451884 1.653276565 
340.592159746 80.947632924 157.497489730 0.680573777 -0.276876379 0.803819373 
341.675412702 80.380867558 160.552228995 0.490331372 -0.572478656 1.537272738 
342.781783505 83.385980461 159.165248589 1.705987931 -0.149265186 0.015093928 
343.790571245 81.748453328 159.107920057 0.413140404 -0.216076860 0.940931827 
345.687025045 82.110706378 160.508748588 0.166617115 0.126810491 1.579008373 
346.931741133 83.786582167 161.837656677 2.003896185 -0.148940049 0.162876405 
348.243839056 84.917590965 160.695724919 0.599812027 -0.493289927 0.613657740 
350.000398042 83.490545522 163.496573634 0.410656807 -0.665781932 1.181527229 
351.608278184 85.604796784 167.434967328 0.956640223 0.392865189 1.872633400 
352.832603795 83.423369540 167.926850085 1.179835724 -0.606166390 1.184969782 
354.650715771 84.824805134 163.802124765 0.262443901 -0.161446168 2.504551741 
356.012697129 81.685289959 165.385098489 1.898808740 0.346191367 0.990034294 
357.912609434 87.804812272 170.085191569 1.566163972 1.436084203 1.627335038 
359.013898828 86.789014497 169.098630941 2.271917852 -0.181786355 0.526183310 
360.987404787 85.645912147 171.703239253 0.488830888 -0.523313299 0.947669422 
362.317797025 88.661516598 170.716856857 0.845585424 -0.151405062 0.069556510 
363.332833741 86.699601171 171.391734964 1.205653895 0.894590518 0.711758549 
364.387306998 90.765016372 172.709477327 1.672866165 -0.145219853 0.708247715 
365.897945446 88.105851991 172.912375658 0.406348282 0.330802350 1.319371420 
366.950435304 88.622837288 172.599860214 2.266379965 0.971894474 1.348091894 
368.851935479 88.937185663 177.205424138 1.149122749 -0.444380433 1.730192662 
370.621743060 89.337418602 176.021018605 0.505163974 0.248556593 0.661084027 
372.613209128 90.313125922 175.251165977 1.244956270 -0.465949558 1.477160443 
374.152662722 90.456624158 177.111098765 1.509844845 0.173686369 1.955608230 
375.824079400 90.930991468 179.170133610 1.383419889 0.400493373 0.345319832 
377.802930298 90.783570343 180.174593630 0.393337554 0.034234415 0.357363657 
379.133948526 90.688712131 180.374191868 1.562186406 0.805979404 0.613736629 
380.173871760 91.798484720 182.115202982 0.061909861 0.084064887 2.211276185 
381.441803306 89.601481800 182.500200315 1.606997987 -0.052287185 0.929180942 
382.533151986 90.795165465 181.377611559 0.830428402 0.020592993 1.023179801 
383.675721548 92.265923530 184.996876989 0.511215708 -0.397440139 0.967581405 
384.822578623 92.666007628 185.055920668 1.994519873 1.588488321 2.874456798 
386.448629769 93.533256186 186.087724282 0.219307894 -0.465794183 2.692911904 
388.407410200 93.244678336 185.971910952 1.978737707 1.075574657 0.696461033 
389.894350015 95.552831476 183.875200613 0.295470512 -0.846055423 3.271592004 
391.103038256 94.854768007 187.594969522 0.457406174 -0.273676309 1.671144799 
392.739846602 94.835373019 190.412878803 0.809504506 -0.760024262 1.500847330 
394.297118865 91.540059484 189.092362712 2.384552862 0.757153854 0.820099257 
395.624002733 96.018336843 191.580922185 0.189821620 -0.338748412 0.888562489 
397.416498767 94.630934364 192.863502796 1.197115259 -0.317544232 0.242081173 
398.692611175 97.362015385 192.764078882 1.798026332 0.384251501 1.014948918 
400.165347021 102.010537886 192.017947994 2.753103813 0.077939836 1.255625711 
402.018496278 97.315122382 195.701956584 0.888470647 -0.129145415 0.619281268 
403.890062391 97.395184102 196.217950403 1.188456136 -0.279598716 0.092570190 
405.545820802 98.319484003 196.170500690 1.120364328 0.259533904 1.234616240 
407.431983631 99.462792189 198.487448819 0.537984303 -0.250215405 0.711413495 
408.815630069 99.661875462 200.906664515 0.073724754 -0.187163515 1.109720849 
410.660072362 100.075712523 198.797624494 0.898548851 -0.064106887 1.176236557 
412.180178303 100.193116772 201.310500846 1.471761306 0.145294773 1.703267802 
413.404311877 98.603568318 201.761443266 1.373965197 0.406276331 0.913271273 
414.892253273 103.507878391 200.810034876 1.155789363 -1.097667611 1.417440004 
415.968364146 100.605750847 201.991632492 1.323344014 0.628198453 0.776994471 
417.560120144 98.239776535 203.684280023 2.759635082 -0.289495753 1.009243409 
419.535846392 101.577879145 205.863038650 1.848998267 -0.617627791 0.611740513 
421.496447214 104.951888851 206.512432791 2.104533448 -0.767315489 1.121137014 
423.485104023 104.254400794 206.246529205 0.127969708 -0.166117165 1.233593609 
425.038821078 104.971677563 208.638261367 0.830075673 0.175416951 0.476849413 
426.649047566 104.359383470 209.207268785 0.564167028 0.464683456 0.399814098 
428.480291427 105.068474447 211.993517690 0.985094194 -0.491349311 1.353972191 
430.301204408 106.037645881 208.899280791 0.367428278 -0.228963157 1.639281554 
431.863432824 107.532297731 213.323973522 1.200789172 -0.532735330 2.367475006 
433.534958458 107.042065619 213.626198196 1.572691246 -0.004742945 0.524414746 
435.186731079 106.738906273 214.120086880 0.627661515 0.118150037 0.875165988 
437.116570364 110.174445314 216.419337714 1.799043048 0.626221537 2.186815338 
438.820738903 108.368003492 217.514564481 0.023165230 0.057923124 0.705854680 
439.936933213 108.838136154 218.407648785 0.339821353 0.753989519 2.521647689 
441.787406210 107.998796903 219.319000522 2.698930389 -1.131834052 0.943638720 
442.888658378 109.414012297 222.088046333 0.556655863 0.068899230 1.813386178 
444.205363586 109.740357641 220.001063650 0.273951491 0.108082845 0.483194264 
446.042995359 109.711796204 221.207460369 2.404116689 0.288322769 0.250657182 
447.971454014 110.759206693 222.266733505 0.651776519 -0.404483803 1.075793146 
449.248851168 111.300048221 223.175712573 0.636386512 0.084840765 1.091403527 
450.514718691 111.787868251 225.942355866 0.772742904 0.565383352 2.751879711 
452.013288036 111.512237748 224.963741962 0.674915381 -0.125922941 0.121311079 
453.376827206 113.610643530 227.126737136 0.824579349 0.495013140 0.768465133 
454.429178821 113.194415446 225.934073451 0.905543333 -0.598227280 0.505198679 
456.369552491 114.260259892 228.168829380 0.739922372 0.490392043 0.566378689 
457.854203208 112.173626625 224.864516499 0.694885787 0.081492654 1.545553765 
459.063497174 114.088379837 230.125828713 0.823195599 -0.037032055 0.478330864 
460.328292803 114.396424083 229.435293429 1.261202636 -0.827612921 1.629654990 
461.616387385 116.086218106 231.431671186 0.969273765 -0.033344357 0.725709041 
462.700788263 114.742688165 229.425813279 0.118653064 0.353164691 2.113494243 
464.114664278 115.577250788 232.268335034 1.687484906 -0.043860939 0.179578290 
465.349245793 116.262619255 233.119068485 1.106475293 0.361698054 0.163189054 
466.668927089 116.530414038 235.754134547 1.060415305 -0.144494194 1.736592712 
467.873420085 115.798443840 235.171612985 0.715387774 -1.012466872 1.752365904 
469.047741887 115.531716559 235.433963503 1.319047949 -0.129709849 1.015814888 
470.402918153 116.659775228 236.735033514 1.111062085 -0.121159793 1.395070699 
471.749853695 117.772256668 236.532727485 0.161123991 0.256853812 2.203546955 
473.630739842 118.697417441 235.066379597 0.879748843 -0.041867057 1.291246447 
475.608548395 118.857012256 238.893310895 1.574770987 -0.202150057 0.290101956 
477.000814879 120.209313881 238.660258054 1.223622453 0.072239900 1.852844123 
478.420584988 119.300614427 240.594389436 0.703499708 0.189504150 0.131319075 
480.233098500 119.429677498 241.279379649 0.364788660 0.053855787 1.258538659 
481.943380737 120.391187382 242.494821434 0.751372932 0.127406161 0.434583059 
483.540319498 122.636993603 243.688723550 2.663587347 0.048011847 0.103740346 
485.191161450 121.015645678 244.895736834 0.971109123 -0.327675897 0.439782689 
486.824108533 120.070271466 248.797264807 1.760624509 -0.483315761 2.094436051 
488.552667063 122.236208888 246.621108158 0.852174504 0.356834200 0.264708393 
490.357257385 120.331206089 247.044882119 1.310411063 -0.264746206 0.978446153 
491.417969691 119.475667853 249.707013518 2.547914660 -0.817441102 0.594643486 
492.675397107 123.372662881 249.329971222 0.606006142 -0.003963338 1.492493523 
494.048509721 127.112426195 250.927381333 2.240604258 0.542443525 0.289895843 
495.781957064 125.089864793 251.910521953 0.359056599 0.205729193 1.022317039 
496.994476216 123.835858067 251.874264440 1.865181151 -0.858563837 1.529218137 
498.600722768 124.973975277 252.430514243 0.052244315 0.084575453 0.343731986 
500.060055178 124.889708997 253.015409887 0.262147549 -0.001243256 1.237824526 
501.265425006 124.149394000 253.115333241 2.509318212 -0.350477670 1.356800621 
502.593933445 126.046347888 254.561207367 0.254024438 0.032315278 2.046018660 
504.126464824 128.968249512 254.161962707 1.106158749 -0.188005707 1.564227989 
505.465479920 126.035897069 258.669385002 0.566354427 -0.489824588 1.459234624 
507.357535267 125.555433390 259.953294720 0.943357143 -0.663436334 1.060832859 
508.583014823 125.084033535 258.771307911 2.354112081 -0.117756355 0.592882075 
509.637078082 127.240405841 257.994468953 0.721300281 0.192421337 1.084798760 
511.575775281 128.764457479 257.629716368 0.604745038 0.099458663 1.693587890 
512.748010861 128.830062925 261.339039395 0.638861905 0.504478715 1.173650236 
514.153089113 131.723071877 259.766348780 1.588849291 -0.543539515 1.883498435 
516.059522710 128.191715278 263.020130601 1.700511249 0.023961297 1.486511396 
517.437821347 129.708499321 267.695829813 1.528159625 -0.514813220 2.143838274 
518.621367533 127.673102644 265.235450420 1.856778780 -0.184088747 1.099850814 
520.373638815 132.022133464 265.717546926 1.817142044 -0.694492706 0.434893477 
522.058731587 130.722261075 266.346913643 1.480494518 0.387418282 0.852313349 
523.386224540 131.559577778 268.754939117 0.755928536 -0.348215734 0.878234123 
524.756579442 132.448198402 269.347384795 0.289990362 0.353152301 1.073731310 
526.443986128 132.492176681 269.702070477 1.507464561 -0.326395716 0.197537685 
527.666888723 133.897789417 270.879275788 1.172617666 0.088288979 0.768187793 
529.552902891 134.459952508 271.525679047 0.889307939 -0.393035525 0.502085318 
531.091260697 136.364474663 273.929945574 1.204106283 0.293944399 0.834330307 
532.997874659 134.521880264 273.120233173 0.315669387 0.273246143 0.521708609 
534.651806383 133.372024151 271.816761101 1.198605755 0.619221057 1.799071605 
536.010359819 133.794213443 268.721453585 0.330140011 0.696718139 2.981788822 
537.660330788 135.136603019 277.567597752 1.657089192 -0.385515170 1.546653960 
538.862932054 135.853798933 278.650068501 0.249973541 -0.197299459 0.817944577 
540.131368468 137.772157985 273.989509713 0.285901602 -0.641063023 2.018619758 
541.224026309 136.701921509 278.567804259 0.441334007 -0.281117049 1.641701722 
543.007633851 137.749157224 278.729034879 0.400964701 -0.298385102 0.830026324 
544.237041338 138.086397487 281.876745020 0.122132264 0.270528551 2.140296660 
545.480872455 141.097272208 278.715218764 2.029098294 -0.676098674 1.249724440 
546.767747057 139.107086705 281.798394446 0.780759713 -0.126330656 0.478269747 
547.779189190 138.510030531 281.953722124 1.146989166 0.808338972 1.176621281 
549.170854911 141.278135297 284.267867741 0.951240077 0.505272207 0.268684030 
550.881427636 140.284711198 285.102477401 1.318122462 0.644005050 0.628781626 
552.559249600 140.802961302 284.639351990 1.142789219 -0.574152922 0.581573227 
554.446921276 141.002211208 287.537868730 0.123280126 0.142841565 0.663813324 
556.032166221 141.397072300 288.586574737 0.601082606 -0.026065341 0.793757273 
557.891065749 138.515285402 292.038397988 1.900121409 -0.390063801 1.206658125 
558.925904693 141.692357291 286.284839716 0.077693039 0.053609159 1.461179359 
559.975285089 142.501799402 290.222239922 1.544285932 0.824863214 1.764857528 
561.462223149 141.298833595 290.483783746 1.976578669 0.104746626 0.191308107 
562.834194793 145.677686729 293.386317034 2.004273449 0.124795648 2.195095492 
564.399732732 143.642110901 291.688074615 1.075821583 0.031343853 1.256290387 
565.610012517 147.412938981 294.653233474 2.518160954 0.461188400 0.994003301 
567.136587883 144.131708381 295.406020740 1.136719812 -0.399127951 1.627257796 
568.364565746 139.176581451 298.573993878 1.792997064 -0.980469694 1.339494972 
570.153778722 145.687541417 298.965649773 0.238585364 0.327470214 2.145146052 
571.524353749 149.161167282 296.973727504 2.415779173 0.278571325 0.231533178 
573.316649601 146.195173133 297.426378904 0.937162414 0.021538433 0.685610937 
574.323318055 146.987611990 297.400988622 1.029571503 -0.355290863 0.437905279 
575.476973530 143.875514738 300.559310404 1.510840763 -0.771460315 0.888864900 
577.278211594 146.270799708 299.696616182 2.243282173 -0.163439180 1.111808881 
578.718528736 147.428767253 300.044526083 1.394538193 -0.909591519 1.573375512 
580.351908451 147.089476113 303.253142211 0.756021274 -1.214205873 1.959248766 
581.594416487 147.361913590 299.760262196 1.161764806 0.088725522 1.365641491 
583.062997282 148.333774271 304.390124999 1.764466302 0.340565953 1.407601804 
584.950645202 149.138424399 304.859122166 0.229956207 -0.416733645 0.997094257 
586.653623466 148.971050338 303.736498543 0.990929099 0.534967461 1.231429987 
587.721264541 149.248278350 306.559124433 0.884965335 0.138933460 0.669367032 
589.187260675 149.770333577 306.057760183 0.355351573 0.481734962 0.905513209 
590.327944507 150.563325467 307.696919850 0.464927245 0.867696990 2.162600890 
592.157951475 151.157104317 309.379102630 0.786794455 -0.326314056 0.318667168 
593.895893331 151.369270826 309.825208453 0.708020545 0.275910584 0.153989375 
595.841733856 151.714027968 311.575273208 3.168369935 0.178587886 0.480211119 
597.451427636 153.558358778 318.795980063 0.853767328 0.175437001 3.362125049 
599.371191025 151.435068425 312.178562895 2.516448587 -0.159775211 1.395253300 
600.677296022 152.272661294 315.104345375 1.641682036 -0.036596899 0.779943984 
602.098852714 154.614679668 318.378486758 1.470656924 -0.117400710 2.094425495 
603.763763431 154.500786631 316.048315334 0.227902232 0.396665103 0.952962401 
605.402110569 155.070519902 317.398180444 0.737483209 0.036275660 0.499127475 
606.623305451 154.708093433 315.813477285 2.052058505 1.001746515 1.493059129 
608.351251221 156.027429469 318.831988673 1.137436381 -0.269433080 0.381242999 
609.799058227 157.679122681 319.692428281 0.975030070 0.051804633 1.561323301 
611.754154016 156.278804016 321.657610831 1.373422048 -0.793721996 1.467114462 
613.002063424 156.835336774 321.484852798 1.382805436 -0.142839945 0.622346133 
614.979669612 157.684504398 317.806275423 0.250598191 -0.109377132 2.666975300 
616.243920224 158.756169857 323.248675297 1.614087787 -0.706379292 1.372579259 
617.589926504 158.287177816 323.296800237 0.458409171 -0.039251920 0.583550616 
618.816801089 155.607151382 325.639690338 1.081838167 -0.108889025 0.874127767 
620.185785299 158.301343096 323.274222977 0.291962360 0.533803425 2.182635041 
622.045851915 160.797632556 324.805508425 1.111951795 -0.450243930 1.524958776 
623.233437126 159.435266196 328.250518926 0.371318346 -0.462263088 0.577957082 
624.429438037 159.813526338 329.300855180 0.355443540 -0.061371946 0.910954064 
625.807766224 160.586524512 329.431918568 0.316488508 -0.687677744 1.587233291 
627.746679623 162.944954175 329.942131901 1.448405501 -0.448391450 0.209638405 
629.413302365 162.008098637 332.122997260 0.742897055 -0.464859008 1.877954726 
631.374279921 163.575773263 330.639691141 1.800196203 -0.759094377 1.464460552 
632.626097199 164.634634973 332.788383071 2.280020886 -0.588920750 0.224646557 
634.132267112 163.706955729 333.573712077 2.252081709 0.164886128 0.354309881 
635.136470367 164.731659594 333.718712147 0.933991654 -0.370327470 0.706197988 
636.327074379 163.900470985 336.315438715 2.867698274 1.282322944 1.240529679 
637.499813873 164.326388962 335.697244953 1.578251998 0.240101678 0.803869871 
639.046650862 163.937068349 337.052208448 0.786956807 0.036136242 0.048916002 
640.493989948 165.354939231 337.779003225 1.577733370 -0.031312393 0.478678860 
641.742072146 166.090032939 338.810595038 1.200474315 0.452146785 0.927350937 
642.833102745 163.558697300 333.426633985 0.781402822 0.382810486 1.989235504 
644.340481547 167.250874984 340.865820869 1.499574527 0.409725200 1.168301738 
646.186669112 166.447842449 341.611108798 0.917721821 0.126781339 1.285798085 
647.628616650 168.915961959 341.691787988 2.546789169 -0.412054250 0.700812835 
649.239623859 167.132250272 343.577596466 1.787642585 -0.734309797 0.706990422 
651.138768400 168.352698775 345.270611026 0.743078430 0.147871908 0.601921576 
652.889167767 168.550487213 344.429067362 0.936289229 -0.193052950 1.300836844 
654.738140684 169.695743482 349.209655932 0.528177759 0.098701695 2.255548797 
655.953926816 169.044743872 346.896013725 0.067629962 0.085897139 0.704834077 
657.444930295 171.232624084 342.162314159 1.374677641 -0.570845412 2.574577185 
658.789048506 171.370191850 349.302959419 1.273582162 -0.227026475 0.992126667 
660.212825598 169.615978069 346.590341240 2.005884338 0.010554103 2.338760561 
661.471126395 175.485036049 347.833504543 2.391284284 -1.413642217 1.067476824 
663.465342213 173.897553539 352.939998790 2.482848434 1.219708174 0.796969697 
664.936406609 171.207400076 352.573974460 1.198487464 0.063280165 0.523633778 
666.872699280 172.259629893 354.208650773 0.186254031 0.168525783 1.114365748 
668.403201558 172.898337783 355.900224001 0.844589134 0.112371879 1.494533806 
670.242977195 175.122019789 353.510314798 1.200720686 -1.208884162 1.668336640 
672.203401015 171.650964252 356.700784359 1.049256748 -0.690056083 1.571553721 
673.301664827 173.306740343 358.095715195 1.448774171 -0.182773895 0.485484432 
674.477101266 175.506555149 359.588829260 1.585211673 -0.610965997 1.945484888 
676.058036411 175.859527843 358.295366283 0.964811112 0.204950806 0.809443992 
677.307970745 176.767729494 359.558886126 2.484720392 0.469475204 0.561956414 
678.499465271 172.823490174 358.267470895 1.411515895 0.377722834 1.432392782 
680.159476767 175.068340449 361.844655347 0.482481858 0.070875046 0.463735332 
681.354262472 173.405819266 363.190180830 1.985468261 -0.195931584 0.562127193 
682.782077186 176.229966947 365.008767265 1.227046955 -0.506439665 1.401859231 
684.593623132 177.330887724 363.858975687 0.793010915 -0.169272654 0.844029789 
685.834680724 178.291500051 366.121582133 1.724516294 0.109218008 0.895968974 
686.956974899 177.005750081 366.314133699 0.687510266 -0.569683112 1.041715783 
688.649770729 180.361989635 369.170524877 0.677994889 0.630074681 1.373710284 
690.434285060 178.040563746 368.298634226 0.498967025 -0.390315320 0.799202467 
691.713900950 178.488617677 364.919141555 0.860050050 0.296054388 2.211483435 
693.190068356 178.138136404 370.155830458 2.415226341 -0.932420600 0.400403442 
694.767640800 180.006711695 370.452829294 0.750753530 -0.431985407 0.818180766 
696.361508646 181.314621814 371.567742328 1.607226097 -0.031733027 0.492438170 
697.915606896 181.802679545 370.586312308 0.692630816 -1.061654147 1.972451658 
698.991268690 178.601532527 372.541608050 1.287522555 0.468160415 0.951138321 
700.894754385 181.019764736 374.333494911 0.685100782 -0.022393363 0.147484808 
702.116834868 181.594343761 375.509924243 0.772153031 -0.098789072 1.876896904 
703.322144808 182.084816254 375.798553576 1.266104715 -0.311515054 1.004054956 
704.893022536 178.258987783 376.089296698 2.476127290 0.260418683 0.436578051 
706.538034692 183.885900506 377.818889882 1.210332898 -1.002034827 1.416659235 
707.676397780 185.520454567 377.086828248 1.441418058 -0.572819328 0.430397123 
708.839239223 182.739336917 380.009715898 1.993453281 0.437115790 1.899920285 
710.120007808 184.297467853 379.794327303 1.247025820 -0.369424456 0.717101577 
711.472507359 185.678754756 380.500387558 1.642525812 -0.968011018 1.737377671 
713.277938436 185.061609399 381.661130286 0.298005389 -0.252966995 0.285966468 
714.570538476 183.964953578 381.927411038 1.264169073 0.386936662 0.247509032 
716.469689367 185.761574578 383.166974059 1.189627042 0.334478742 0.607154842 
718.390885779 186.928478242 384.581651342 1.131489286 -0.272339700 0.141353940 
719.876619822 187.210755231 385.000280666 0.447242002 -1.027998902 2.934125913 
721.681166454 187.288701165 386.382596550 0.391570189 0.407375532 1.214348089 
722.805970183 187.270734587 386.904325991 0.538100720 0.676168805 1.660785110 
724.708089722 185.507288026 387.623034714 2.758738898 0.244641407 1.216023625 
726.530305976 189.073680920 387.910085928 1.153829400 0.068771463 1.106979491 
728.284239799 191.586484606 390.573886771 3.176222642 0.324372399 0.378707478 
730.085289755 189.495470842 392.364236435 0.260041409 -0.287167813 0.723452615 
731.203201495 189.532259914 394.522002454 0.159471993 -0.380213697 1.458197151 
733.184299360 190.543501703 392.368412724 0.645717653 -0.188854739 1.203462265 
734.654229449 187.265419500 391.264099390 1.235741357 0.746609102 1.155245521 
736.122672026 192.247124473 394.852014339 1.346013495 -0.780344616 1.113166187 
737.770277570 192.181866834 397.565293532 0.876593233 -0.334545866 1.310095532 
738.862687959 191.870599698 396.574483121 1.583942466 0.516199906 0.807631264 
740.586452844 192.202946309 398.334510818 0.817915717 -0.312227970 0.429675888 
742.059445601 193.010886256 399.746542274 1.052712674 -1.138718312 2.117602826 
743.653422656 193.180578571 399.512627450 0.346648747 0.047300997 0.696205439 
745.175490610 190.706113098 402.029514555 1.403603644 -0.451261461 0.768683331 
746.857000299 195.908472194 401.552174374 1.597801290 -0.228777479 0.285037854 
748.504793908 196.465951267 402.011979328 1.319730470 -0.358016782 0.675405753 
749.542229765 197.237989315 403.769489092 1.618731654 -0.191231623 1.414594167 
751.030343445 196.867555435 404.990469284 2.099153843 0.090572252 2.089307811 
752.758774727 196.238024472 405.142622516 1.111956469 0.694736426 1.151200481 
753.771466288 197.325442146 409.532414882 0.514465530 0.225671101 1.915652004 
755.587438109 195.424675973 407.179409904 1.011544342 -0.415606589 1.011534696 
757.241563733 197.426508405 408.448046896 1.393538366 -0.026518163 0.668002587 
758.520867653 199.041612998 409.383273493 1.041339506 0.508017512 0.347240403 
759.642296235 192.613330872 408.208146139 3.337786323 0.229533984 0.577089618 
761.070624116 194.866666026 411.314441758 2.263187973 0.360281958 2.261692207 
762.291906463 198.457700974 409.745763363 1.281873605 -0.000101614 0.784770719 
764.140596304 199.538252180 411.903938267 1.805679351 -1.093079672 1.306781134 
765.634176237 201.026920038 413.209188486 1.678556782 -0.056656120 0.352824149 
766.752070416 201.433610191 412.380459284 0.568654378 -0.332518918 1.730724335 
768.499938212 200.207141439 414.050012744 1.563888188 0.549247549 0.917740566 
769.804651193 202.278155422 415.571559865 1.277401831 0.151318307 0.902829160 
771.118660944 202.086000246 416.992934167 1.195410258 0.196738286 0.439881268 
772.301552351 198.947375619 418.432859285 2.507425313 -0.417868321 1.059957916 
773.783244824 200.561480433 415.607149365 1.085561341 0.842124951 1.551480437 
775.391278457 204.078580634 417.636394831 1.763496675 -0.728982115 0.680672683 
776.871211186 203.076154534 419.232146130 0.376664598 0.038478024 0.622585657 
778.049928651 206.165737852 419.307748614 1.756322084 -0.583121108 0.481330313 
779.265992916 203.170490688 420.328975972 2.045794508 0.003799446 1.344100654 
780.629763965 204.569716803 422.351807678 0.854950302 -0.088658957 1.867686148 
782.318822565 204.044483084 423.306908528 1.771356640 -0.251593699 0.219343346 
783.617755136 204.656830459 423.020834343 0.938507424 0.003727843 0.312349601 
785.379574315 205.392131514 424.552474659 1.782788034 0.057492102 0.872057550 
787.211027437 205.639121541 425.061765715 0.178200317 0.063316081 1.074458070 
788.797185584 206.328796639 427.451246899 0.322503526 0.162230279 1.396486219 
790.071943205 207.651151678 428.827378264 0.894617157 0.381165617 1.123417218 
791.589760562 205.265437134 429.318204618 1.252540248 0.544116826 2.223206372 
793.530558994 206.656023510 429.657263453 2.393241944 -0.093588491 0.650476097 
795.266072226 207.534187701 431.689004750 0.944134944 -0.113417695 1.237840028 
796.334918564 210.675506595 429.910846521 1.302202348 -0.874983044 1.448195045 
797.454392349 209.854680421 434.843287765 0.916701760 0.670882318 2.051329964 
799.331765175 209.572127144 434.371545018 0.403444657 0.445586511 1.090094878 
800.772857633 209.346787694 433.577260013 0.467654777 0.306357241 0.949913949 
802.691207683 210.133761252 437.657919839 0.668944088 -0.476126192 2.713815023 
804.622387647 211.455499180 434.330531898 1.581597669 -0.087580044 1.321207227 
806.370856771 211.400452293 439.494706534 0.636086649 0.100252782 1.556247895 
808.369398035 211.148978571 439.725432869 0.254831471 -0.222266602 0.478426536 
810.293585329 212.540575478 440.170493086 1.472774405 0.070120175 0.701141439 
812.234918549 212.783707863 441.442189718 0.442654002 -0.364536066 1.478804193 
813.355768544 213.263322022 441.242017406 0.316950404 -0.593074050 1.671137947 
814.917640032 213.031902139 442.210168030 1.268111168 0.309452618 0.239033373 
816.037339268 216.671607861 441.658165735 1.862754771 -0.996692271 1.322182199 
817.837804145 214.634034034 444.257000435 1.477612932 -0.117769914 2.603077479 
819.361551722 215.834939286 444.589718100 0.767965616 -0.421328290 0.921787095 
821.192561197 214.794842166 446.676973010 1.309090551 -0.178487298 0.273319223 
822.949825439 216.841500757 446.940755060 0.597426117 0.103446445 1.358834909 
824.793728834 216.712887269 450.318631124 1.088669715 -0.330468477 1.837111840 
826.499353589 216.174962550 450.165722841 0.580031306 -0.683315968 2.332723453 
828.071234232 217.203265299 450.435400238 1.396546561 1.132039801 0.983129709 
829.107651221 219.227117785 451.600186905 1.080996853 0.243129250 0.173637796 
830.577522619 218.290900809 452.099039046 1.253874081 0.359660522 0.184877331 
832.361873317 219.470690108 453.196527642 0.998641591 -0.162743671 0.851866991 
833.962965093 219.793621698 455.440162064 0.980959002 0.599243291 1.218014373 
835.394927247 219.753652280 455.368747931 0.987960741 0.589452173 1.032430525 
836.467277783 221.599846948 455.919963181 1.810755712 0.139071298 1.042194599 
838.444183797 221.857883996 456.360449947 2.663008597 -0.524411964 0.319228289 
840.311474754 222.346195316 455.515346899 0.477119912 -0.328179922 1.269371305 
841.536272471 219.370344582 458.024882065 1.394755375 -0.338695196 1.149349328 
843.407395699 221.255722858 460.141051329 0.761381122 -0.902842865 1.100386382 
844.799692563 220.047890139 463.574096774 1.602611376 -0.608288852 2.053511943 
846.770724070 222.287842881 462.437498927 0.197041329 -0.090179643 0.950870329 
847.917100834 223.359516492 462.485977891 1.942447720 0.242432850 0.037568009 
849.258140277 222.695324188 463.248670331 1.008089139 0.151745159 1.173262904 
851.191243309 226.977802308 465.676110357 1.887916272 0.098551942 1.627980190 
852.487703508 222.941795160 466.173544908 1.505538796 -0.670850147 1.371626082 
853.495988580 221.309891356 462.926195355 1.269373834 1.108624445 1.313770202 
854.725062940 223.886221688 468.392782237 0.667503351 -0.079860292 0.848621619 
856.708576075 224.359641643 467.985025991 1.541449362 -0.707367285 0.782947305 
858.296936867 227.147855453 468.720261991 0.993508250 0.222502742 0.547041246 
859.714055395 224.346912426 468.575897186 0.635048386 0.252565898 0.220577881 
860.987462723 227.189565650 470.805444052 1.172050576 0.208960260 0.465368295 
862.023766918 226.795320262 471.984964348 0.612181511 0.319181317 1.988153456 
863.722097620 228.874689195 473.994816058 1.912989120 0.664931386 2.921573611 
864.858506723 225.574648563 473.898287579 1.821031855 -0.767460910 1.042104461 
865.943199598 232.223417405 470.387360387 1.793794830 -0.877033312 1.319471008 
867.193534665 226.774918819 473.647079648 2.946833441 -0.087034634 0.587112100 
868.378044499 225.754995644 472.582944906 1.681386651 1.171570667 1.011620285 
869.462894048 229.189802206 475.981670955 1.107146349 0.580178902 1.326333468 
870.961526043 229.347856578 476.013240866 0.664922979 0.176520558 0.281267408 
872.781953566 232.107915126 475.811336954 2.994993474 -0.103127525 0.840616453 
874.409667100 230.489279562 478.439863407 1.198012151 0.399340529 0.193225690 
875.840663402 230.487072769 478.642158911 0.290591888 -0.076142020 0.806434502 
877.407851207 231.900635629 482.007842922 0.367674180 0.598641293 2.158484927 
878.740082516 227.881138066 477.060330941 2.281987949 0.497351034 2.156298638 
879.746811717 231.541355201 481.304067220 0.837963075 0.344434478 0.586190619 
881.230737047 236.806251281 479.587984604 2.047966501 -0.579478151 1.255052472 
882.912839863 232.736077717 482.790587348 2.551633019 -0.016545171 0.922877692 
884.759026721 233.138510121 484.269985581 1.070277700 -0.340524478 0.549906160 
886.023854292 233.396947886 483.597401761 0.102213024 0.043927242 1.028428039 
887.860783437 231.293002783 488.138778928 1.839854045 -1.124982566 0.910923792 
889.757351824 235.905713660 485.727158294 0.871599394 -0.031934617 0.982405535 
890.785630285 235.479874564 489.024312292 2.658585367 0.055809020 0.360930430 
891.991467894 234.295907279 489.329175617 1.573917625 -0.114227944 0.658654343 
893.726485254 232.933499452 491.442429680 1.616347343 -0.676687498 0.556779004 
895.000793634 236.716289200 490.419655246 1.893804729 0.271654982 0.839256926 
896.189133648 236.817192191 491.339632310 0.675998523 0.368995524 1.480299457 
897.269597927 238.642054926 491.660643168 1.653500922 -0.338322292 1.056076326 
898.362701896 236.335794408 497.699540108 1.764249892 -0.150227381 2.395579230 
900.305112258 237.505053833 494.934418584 1.746167245 0.718971260 1.625638828 
901.693135035 238.409527297 494.768992065 0.625372700 -0.256930787 1.487306661 
902.985447977 240.387257833 495.074625692 1.285261436 -0.187013084 0.465624917 
904.690633472 237.737857515 498.620563406 0.326868648 -0.434152669 0.896451444 
906.583682608 240.573291458 498.531616296 1.023262567 0.610064807 0.540319574 
907.833784212 237.707538993 501.851350740 1.050248285 -1.038435676 2.057956034 
909.788088673 240.700114694 501.337718259 0.428512693 0.626278414 2.043446530 
911.692171600 240.971929451 500.714408428 0.775783293 0.072729346 0.023510593 
913.557294012 241.394402574 501.580528734 0.298388955 -0.130490780 0.442428353 
915.393153334 241.974580862 502.692250009 0.727812071 0.053962697 2.101357804 
917.180429239 241.947098595 504.051663133 1.798207099 -0.312754871 1.443637658 
918.726537989 240.592600702 508.310822793 0.657032925 -0.909466788 1.635021901 
920.720461708 243.880371944 504.746911501 1.610350793 0.767524597 1.817815355 
922.546008711 244.195327150 507.230862393 3.106925514 0.260886993 0.041685810 
923.917831272 244.184288013 507.400892888 0.875199607 -0.042715108 0.320518844 
925.341939364 244.153536764 508.628055270 1.034995269 0.801117062 0.679161333 
926.783859460 245.278539421 510.173365750 0.866564915 0.601209245 0.973819514 
927.969649836 245.351962388 509.277373800 0.938341534 -0.852350544 1.898541344 
